2.005050505050505194e+01 4.671093685572724941e-07 4.271106599371947069e-07 5.392342463290320547e-07
4.015151515151514872e+01 4.431454306346661041e-07 4.965197900900329660e-07 6.391898910386482306e-07
6.025252525252524549e+01 5.061671618144878342e-07 5.217961289447988238e-07 5.783783378071851533e-07
8.035353535353534937e+01 5.054553796280511014e-07 5.341385406619910180e-07 5.567949438679704194e-07
1.004545454545454533e+02 4.897910395184517716e-07 5.391369489068171039e-07 5.026013398666635188e-07
1.205555555555555429e+02 5.413959581186144367e-07 6.215462921968344688e-07 4.514119020442128511e-07
1.406565656565656468e+02 4.942502378781375668e-07 7.599002346933172431e-07 4.867888016851952043e-07
1.607575757575757507e+02 6.106351759419835815e-07 8.176334239034555316e-07 4.628032361100400362e-07
1.808585858585858546e+02 5.952720275965114159e-07 9.260932456471100587e-07 4.584115159931746418e-07
2.009595959595959584e+02 6.120555848631390252e-07 1.301911332645617198e-06 4.488591047801452331e-07
2.210606060606060623e+02 7.148702357892295664e-07 1.860569331803619384e-06 4.362378324667153833e-07
2.411616161616161662e+02 7.305764302747936758e-07 2.437184246318564393e-06 4.762816462886192927e-07
2.612626262626262132e+02 8.218288040605765112e-07 3.484072094739001110e-06 4.138957017705196041e-07
2.813636363636363740e+02 8.246253289905471020e-07 5.226277561575202781e-06 4.849501074104355080e-07
3.014646464646464210e+02 9.275499792775730615e-07 7.091804801550985999e-06 4.441758067888471612e-07
3.215656565656565817e+02 8.621468576002131661e-07 9.815357509575083699e-06 4.560879160363861669e-07
3.416666666666666288e+02 8.318098099394312489e-07 1.006563039375547573e-05 5.029950399624063465e-07
3.617676767676767895e+02 8.953875162272490549e-07 9.769291381180937009e-06 5.513387830208285318e-07
3.818686868686868365e+02 9.288151350322791113e-07 9.427371577542978891e-06 5.600854279289936711e-07
4.019696969696969973e+02 9.416961317476094534e-07 8.139587553664360148e-06 5.965405643490247976e-07
4.220707070707070443e+02 9.430691563540963490e-07 8.587167941182444319e-06 5.866679044172672418e-07
4.421717171717172050e+02 9.183538110701710896e-07 8.880630032868842177e-06 6.049785868907631018e-07
4.622727272727272521e+02 9.357217936013540681e-07 8.534850586634638078e-06 6.096080791833968577e-07
4.823737373737373559e+02 1.039158356617505932e-06 9.888847158808575374e-06 6.512828319672858889e-07
5.024747474747474030e+02 9.801823847106496299e-07 1.005031150930037850e-05 6.372338550698244237e-07
5.225757575757575069e+02 1.052606317793304623e-06 1.173722484624391136e-05 6.522522678816971870e-07
5.426767676767676676e+02 1.055046748607137781e-06 1.316165738458517114e-05 6.675722601203550511e-07
5.627777777777778283e+02 1.157204632000266160e-06 1.608790846563956181e-05 7.981276911757978790e-07
5.828787878787878753e+02 1.171176910686380017e-06 1.665288066576949206e-05 7.652615804976711101e-07
6.029797979797979224e+02 1.131018682154831120e-06 1.857708949258718439e-05 8.369772148262417028e-07
6.230808080808080831e+02 1.186752709238876515e-06 1.972844364959019744e-05 8.775971557792153866e-07
6.431818181818182438e+02 1.200180672328862176e-06 1.903501847148827178e-05 9.932392993214471145e-07
6.632828282828281772e+02 1.269759827483918781e-06 1.853740536747233548e-05 1.048407201694798429e-06
6.833838383838383379e+02 1.266868789833895323e-06 1.887604766204483651e-05 1.139377297815713022e-06
7.034848484848484986e+02 1.283404726331505040e-06 1.859064631009494053e-05 1.237679667510297817e-06
7.235858585858585457e+02 1.396690416680213271e-06 1.857886163838648512e-05 1.231983601890995159e-06
7.436868686868685927e+02 1.373327982214780147e-06 1.788328270536243078e-05 1.287509375028636042e-06
7.637878787878787534e+02 1.368513897512063410e-06 1.828984501354787733e-05 1.361269748253162000e-06
7.838888888888889142e+02 1.407327535905556036e-06 1.766632335589135550e-05 1.463460604457136982e-06
8.039898989898989612e+02 1.512461429237960646e-06 1.926807238459099606e-05 1.500950579149103514e-06
8.240909090909090082e+02 1.523272695011277651e-06 1.974883459430243528e-05 1.645966470699685763e-06
8.441919191919191690e+02 1.586344614512663526e-06 1.926681906084972399e-05 1.692698404871536595e-06
8.642929292929293297e+02 1.644799735156231101e-06 1.977111286504816301e-05 1.868716562559285839e-06
8.843939393939393767e+02 1.689958113830982001e-06 2.018103987288760010e-05 1.863929143195983099e-06
9.044949494949494238e+02 1.780413595375388707e-06 2.019453442209690828e-05 2.182561749503768738e-06
9.245959595959595845e+02 1.780248885934548075e-06 1.964700724376213252e-05 2.374532330089658917e-06
9.446969696969697452e+02 1.954875584393810672e-06 1.953809576711993708e-05 2.467027364031881052e-06
9.647979797979796786e+02 1.943824754332932373e-06 1.985559300159050184e-05 2.712915172566537013e-06
9.848989898989898393e+02 1.940480056190943634e-06 2.078989520616171592e-05 2.993101824563295578e-06
1.005000000000000000e+03 2.091058754869562612e-06 2.011692596610342696e-05 3.391522390658254885e-06
1.025101010101009933e+03 2.093027094293173709e-06 2.188056243162483670e-05 3.457494616773449807e-06
1.045202020202020094e+03 2.156317922349500201e-06 2.218744618723471484e-05 3.767916319831145965e-06
1.065303030303030255e+03 2.236667400306460353e-06 2.125949510784152602e-05 3.922323834781727102e-06
1.085404040404040416e+03 2.220851723989119853e-06 2.209146351542118380e-05 4.138108502827121698e-06
1.105505050505050349e+03 2.370775524945256973e-06 2.172481558799213883e-05 4.312959745453715763e-06
1.125606060606060510e+03 2.388983165063844832e-06 2.222711477273666284e-05 4.524094563039656696e-06
1.145707070707070670e+03 2.442505984243386039e-06 2.239093185910075526e-05 4.596948424850640765e-06
1.165808080808080831e+03 2.479845646415224599e-06 2.328824992516517631e-05 5.160280345605937429e-06
1.185909090909090992e+03 2.582845662853077279e-06 2.380846029268830272e-05 5.113853602711980644e-06
1.206010101010100925e+03 2.626440196060443082e-06 2.487874183043523331e-05 5.615661829377715494e-06
1.226111111111111086e+03 2.727853949030523140e-06 2.486141708259272784e-05 6.009566945749207287e-06
1.246212121212121247e+03 2.789925199855680939e-06 2.659957923219974507e-05 6.273068660037865283e-06
1.266313131313131180e+03 2.849300806841874665e-06 2.772696539412679688e-05 6.788781984665344370e-06
1.286414141414141341e+03 2.842742944938888418e-06 2.955832170339020863e-05 6.979096097355782156e-06
1.306515151515151501e+03 2.955365055669995949e-06 2.939012776902386121e-05 7.350370459447873387e-06
1.326616161616161662e+03 2.996820645418213281e-06 2.994763695499669796e-05 8.003616720312208295e-06
1.346717171717171595e+03 3.052910694460338757e-06 3.185584954813672611e-05 8.599303987156510664e-06
1.366818181818181756e+03 3.185736319474675548e-06 3.318399808013991551e-05 9.215161833892892394e-06
1.386919191919191917e+03 3.138398086713144498e-06 3.457124954480432684e-05 9.535412431113267888e-06
1.407020202020201850e+03 3.097363848197960836e-06 3.533620955734505031e-05 1.041243986907271622e-05
1.427121212121212011e+03 3.203352113414074958e-06 3.638233512915440610e-05 1.113775760152762121e-05
1.447222222222222172e+03 3.265347148341817000e-06 3.726536666203333946e-05 1.187655300269583027e-05
1.467323232323232332e+03 3.272716852471619642e-06 3.916996283826479634e-05 1.259031711132626385e-05
1.487424242424242493e+03 3.332165442084192370e-06 4.102155263881950513e-05 1.349529216680655150e-05
1.507525252525252426e+03 3.306656449050503414e-06 4.183213449277486983e-05 1.447739798795915987e-05
1.527626262626262587e+03 3.472513514244995279e-06 4.500085342980715303e-05 1.539360983711404482e-05
1.547727272727272748e+03 3.499334445533504138e-06 4.706560254163846829e-05 1.707496637060985586e-05
1.567828282828282681e+03 3.448777079402256676e-06 4.858722673964254493e-05 1.811466929134331099e-05
1.587929292929292842e+03 3.576008170247065465e-06 5.109108242857871544e-05 1.987328516033647993e-05
1.608030303030303003e+03 3.575035892191405137e-06 5.464142238225108353e-05 2.140388956484107831e-05
1.628131313131313163e+03 3.681864486406768074e-06 6.031255762398469457e-05 2.345083796586918326e-05
1.648232323232323097e+03 3.605581238114640577e-06 6.233071791715788599e-05 2.625060045120727396e-05
1.668333333333333258e+03 3.729572550702209791e-06 6.673790317230327105e-05 2.736993365276307503e-05
1.688434343434343418e+03 3.714968753226089242e-06 6.898061099197811514e-05 3.013911537939454962e-05
1.708535353535353352e+03 3.658282719478897899e-06 7.390911493059059789e-05 3.246885765010497577e-05
1.728636363636363512e+03 3.794834473189183618e-06 7.655273616744524899e-05 3.577980805291789660e-05
1.748737373737373673e+03 3.791908905838313666e-06 8.005492879913916481e-05 3.842450806809383213e-05
1.768838383838383834e+03 3.812583482927411440e-06 8.314112072605005634e-05 4.337479422566710099e-05
1.788939393939393995e+03 3.897576596280781236e-06 8.620505541655424492e-05 4.682214309939110807e-05
1.809040404040403928e+03 3.955770561220602672e-06 9.101710196056322867e-05 5.244973202341379434e-05
1.829141414141414089e+03 4.042119184392021186e-06 9.428576641993861808e-05 5.716911698108676502e-05
1.849242424242424249e+03 4.067559138516482183e-06 1.025247603583165617e-04 6.305219576974759998e-05
1.869343434343434183e+03 4.134326677760115991e-06 1.110008474288200566e-04 7.083928196861821736e-05
1.889444444444444343e+03 4.203249266205560112e-06 1.206814623435362643e-04 7.803128080930301464e-05
1.909545454545454504e+03 4.390767140062246099e-06 1.271841359255011274e-04 8.465106467019068402e-05
1.929646464646464665e+03 4.542421623103239868e-06 1.342914741395209179e-04 9.396518786966131446e-05
1.949747474747474598e+03 4.479948171247057084e-06 1.442060626251294691e-04 1.053996377618809699e-04
1.969848484848484759e+03 4.644430560166224133e-06 1.549782325144615750e-04 1.173374825716388498e-04
1.989949494949494920e+03 4.850517625929806979e-06 1.655304733768979788e-04 1.314515132758739915e-04
