2.005050505050505194e+01 4.835502796084536951e-07 3.858591770315000117e-07 5.124754428085530114e-07
4.015151515151514872e+01 5.444766589735201283e-07 5.040201455780474500e-07 5.752500028296813979e-07
6.025252525252524549e+01 5.067501515887330822e-07 4.957678695686593782e-07 6.102217248129587452e-07
8.035353535353534937e+01 4.480239310115941639e-07 5.335800962422002518e-07 5.329684643390939445e-07
1.004545454545454533e+02 4.724337529548930713e-07 5.908781264013739596e-07 4.638527641440815571e-07
1.205555555555555429e+02 5.293075230423936094e-07 5.860972365192422276e-07 4.605447382690330709e-07
1.406565656565656468e+02 5.364498181441998858e-07 6.778330296300761035e-07 4.898947525114594385e-07
1.607575757575757507e+02 5.850680067617030635e-07 8.707616092290320542e-07 4.693276340659230139e-07
1.808585858585858546e+02 6.395827335201663489e-07 1.014771428028306695e-06 4.741496574075497641e-07
2.009595959595959584e+02 6.469470158867735933e-07 1.342606009120963880e-06 4.344278307141236008e-07
2.210606060606060623e+02 6.679398386109909960e-07 1.674027963987327529e-06 4.159667670728048743e-07
2.411616161616161662e+02 7.579024900784586602e-07 2.373791325560498025e-06 4.291751738477748907e-07
2.612626262626262132e+02 8.270645912400749453e-07 3.638940178556061734e-06 4.351069711798521009e-07
2.813636363636363740e+02 8.941273137574285284e-07 5.222406071417082270e-06 4.588631597658914180e-07
3.014646464646464210e+02 8.580188553201331165e-07 7.133712831866185683e-06 4.721266540811811384e-07
3.215656565656565817e+02 9.043382372058205034e-07 8.745840639749400446e-06 5.182823668080161341e-07
3.416666666666666288e+02 8.555895333497343456e-07 1.059284179371951460e-05 5.074938272186697733e-07
3.617676767676767895e+02 9.510783497282082110e-07 9.176730997339054002e-06 4.982676525629366477e-07
3.818686868686868365e+02 9.826039020576076543e-07 8.992593937312087191e-06 5.311292266495028689e-07
4.019696969696969973e+02 1.002451257870848801e-06 8.218574497940349396e-06 5.637811273796388387e-07
4.220707070707070443e+02 9.634776940819961196e-07 8.394786761306707469e-06 5.610686227463336586e-07
4.421717171717172050e+02 9.500067639870976589e-07 8.724948168587548980e-06 6.075754073270790793e-07
4.622727272727272521e+02 9.465409414359454410e-07 8.326192518400861911e-06 6.018356540272520730e-07
4.823737373737373559e+02 1.016479014498974434e-06 9.189380893698932299e-06 6.099322375120592873e-07
5.024747474747474030e+02 1.030596757352262069e-06 1.038310949127584345e-05 6.290073685670724385e-07
5.225757575757575069e+02 1.082456069887895935e-06 1.239424427892413387e-05 6.800625014706430403e-07
5.426767676767676676e+02 1.147548073382425873e-06 1.390284810090987570e-05 6.999510602188695000e-07
5.627777777777778283e+02 1.094383277699634245e-06 1.643311390387380721e-05 7.367587552778835293e-07
5.828787878787878753e+02 1.145132666805430468e-06 1.770967655464303724e-05 7.496097104612588395e-07
6.029797979797979224e+02 1.200688638942523282e-06 1.997754055261197822e-05 8.379098880382392305e-07
6.230808080808080831e+02 1.220567761031913509e-06 1.963926476517687417e-05 8.892516375481893550e-07
6.431818181818182438e+02 1.292222717834540716e-06 1.936932583738774523e-05 9.819567599863362328e-07
6.632828282828281772e+02 1.258126822166405515e-06 1.935688193806061583e-05 1.063214462338498072e-06
6.833838383838383379e+02 1.338864876917754552e-06 1.800335274697147456e-05 1.130102211208850017e-06
7.034848484848484986e+02 1.340876993829490072e-06 1.880601475320393384e-05 1.175677902408614745e-06
7.235858585858585457e+02 1.348966823928467917e-06 1.867779005406985211e-05 1.237736549011550716e-06
7.436868686868685927e+02 1.367455149258198164e-06 1.880512077413980441e-05 1.375625823288955316e-06
7.637878787878787534e+02 1.393752864849341333e-06 1.945507976098919106e-05 1.381016229577856987e-06
7.838888888888889142e+02 1.435442960426616441e-06 1.883011289759876168e-05 1.441121314969409387e-06
8.039898989898989612e+02 1.449288405829289738e-06 1.940287515902157432e-05 1.520267277437897044e-06
8.240909090909090082e+02 1.493054604479073805e-06 1.927928224919877120e-05 1.583214400287364901e-06
8.441919191919191690e+02 1.561316764029703349e-06 2.010877519202461676e-05 1.613166592395697805e-06
8.642929292929293297e+02 1.635147883147957357e-06 2.130618769102092739e-05 1.746804040441097267e-06
8.843939393939393767e+02 1.699898052967050894e-06 2.012196738687343313e-05 1.944913367902134665e-06
9.044949494949494238e+02 1.766840351337940854e-06 1.978304517466389587e-05 2.089868179581935746e-06
9.245959595959595845e+02 1.894601945029242753e-06 2.098447436716600859e-05 2.249528912477544971e-06
9.446969696969697452e+02 1.883615733935273724e-06 1.940862114375391196e-05 2.470259548903792301e-06
9.647979797979796786e+02 2.035116746092965019e-06 1.975986207111943044e-05 2.852207496420278337e-06
9.848989898989898393e+02 1.979638032886225551e-06 2.028754445478687227e-05 3.079711982515730810e-06
1.005000000000000000e+03 2.048219246816402407e-06 2.069910174950678240e-05 3.240595480535376130e-06
1.025101010101009933e+03 2.184272806343810486e-06 2.078226839901983866e-05 3.504391329928540022e-06
1.045202020202020094e+03 2.103584477183721428e-06 2.107094559251715632e-05 3.787917442673062265e-06
1.065303030303030255e+03 2.215681942104670563e-06 2.109138361739536571e-05 3.899674785129845517e-06
1.085404040404040416e+03 2.238830329462380324e-06 2.238358641245452013e-05 4.006501762688286190e-06
1.105505050505050349e+03 2.336109705905317193e-06 2.304185762006556924e-05 4.222422359576529496e-06
1.125606060606060510e+03 2.408056272586123990e-06 2.378583383536172309e-05 4.396457665694359728e-06
1.145707070707070670e+03 2.400930243743561812e-06 2.321874404357818716e-05 4.575317396719590965e-06
1.165808080808080831e+03 2.523794151009422334e-06 2.337634345807869022e-05 4.782790671104661839e-06
1.185909090909090992e+03 2.548326234411570239e-06 2.468244154684210738e-05 5.022365964366244517e-06
1.206010101010100925e+03 2.796964216389771389e-06 2.523044206104050076e-05 5.664296032708907421e-06
1.226111111111111086e+03 2.696024427943948646e-06 2.520106463239310082e-05 5.806340038461178494e-06
1.246212121212121247e+03 2.861275908525415267e-06 2.693793951944147943e-05 6.077646167071374724e-06
1.266313131313131180e+03 2.792116418974023482e-06 2.744990962766010194e-05 6.750650776745497166e-06
1.286414141414141341e+03 2.939789182296153780e-06 2.937522455607839556e-05 7.026650861730117351e-06
1.306515151515151501e+03 2.994712841328654914e-06 3.026771889784576341e-05 7.492706833248782864e-06
1.326616161616161662e+03 2.963175307861783773e-06 2.987430872651747032e-05 8.142410475684584893e-06
1.346717171717171595e+03 3.103948443572650297e-06 3.308082541425495289e-05 8.527950992837458530e-06
1.366818181818181756e+03 3.103607683685324030e-06 3.492048030566536184e-05 9.092829030572063245e-06
1.386919191919191917e+03 3.084515074663913860e-06 3.440085046734068553e-05 9.392987656880590498e-06
1.407020202020201850e+03 3.156213948004128589e-06 3.650246466157422941e-05 1.037242990924357869e-05
1.427121212121212011e+03 3.227689792549539153e-06 3.692934790109055694e-05 1.092117295506477598e-05
1.447222222222222172e+03 3.346881199958431516e-06 3.843358922673157095e-05 1.185106128442660357e-05
1.467323232323232332e+03 3.331207169906782688e-06 3.858406505171052764e-05 1.252271073870848903e-05
1.487424242424242493e+03 3.329315600384417311e-06 4.039017430481478804e-05 1.358309774257105954e-05
1.507525252525252426e+03 3.419166771753247418e-06 4.246071723297794161e-05 1.465171087262456852e-05
1.527626262626262587e+03 3.559328323244257509e-06 4.378726961502012849e-05 1.514501553003130978e-05
1.547727272727272748e+03 3.442349856721824184e-06 4.786683169823811716e-05 1.714253368101714678e-05
1.567828282828282681e+03 3.612277529800999069e-06 4.891788670401390376e-05 1.885885953329873797e-05
1.587929292929292842e+03 3.577431882895445192e-06 5.325108150354546495e-05 1.991289637480273073e-05
1.608030303030303003e+03 3.591325704967071378e-06 5.574229421686125135e-05 2.247650472905780023e-05
1.628131313131313163e+03 3.620718058105674542e-06 6.038001961366818056e-05 2.319621694331131011e-05
1.648232323232323097e+03 3.631995816381254805e-06 6.255921816263861144e-05 2.525026996995394810e-05
1.668333333333333258e+03 3.769705226051313883e-06 6.543331890350682770e-05 2.774072680566114557e-05
1.688434343434343418e+03 3.828165939780759653e-06 7.020277050163528936e-05 3.039819069916188156e-05
1.708535353535353352e+03 3.792541052243830242e-06 7.318102835860871777e-05 3.327232989561118386e-05
1.728636363636363512e+03 3.834425145864308319e-06 7.619396085433994799e-05 3.629138921380787301e-05
1.748737373737373673e+03 3.783063760035237923e-06 7.979321654143381817e-05 3.935104292347487017e-05
1.768838383838383834e+03 4.019721768924944738e-06 8.083898062353627205e-05 4.323380616130702568e-05
1.788939393939393995e+03 3.886644746366680230e-06 8.599752125015967688e-05 4.820835186541957621e-05
1.809040404040403928e+03 3.986034904525591587e-06 8.948905953630584059e-05 5.204812695530064952e-05
1.829141414141414089e+03 4.070548703881411888e-06 9.409796341731507243e-05 5.766018515506713440e-05
1.849242424242424249e+03 4.113253738238410734e-06 1.023960553195333103e-04 6.182629135665466415e-05
1.869343434343434183e+03 4.121189061687829347e-06 1.126844380028579895e-04 7.126866521015537447e-05
1.889444444444444343e+03 4.228549491088846453e-06 1.203268818320916278e-04 7.714477181673937741e-05
1.909545454545454504e+03 4.481246530620840834e-06 1.261291681929442435e-04 8.597336536089800120e-05
1.929646464646464665e+03 4.541164430219021296e-06 1.379648693167281090e-04 9.810744224683389501e-05
1.949747474747474598e+03 4.627502136396748827e-06 1.508837022075860089e-04 1.051035157604035422e-04
1.969848484848484759e+03 4.651475447379420613e-06 1.522928514639229668e-04 1.152279053103515187e-04
1.989949494949494920e+03 4.846501258392849015e-06 1.636022603266360041e-04 1.328376032261785510e-04
