2.005050505050505194e+01 4.785394389843810024e-07 5.116543098792086248e-07 5.361494907640668075e-07
4.015151515151514872e+01 5.311952227472493138e-07 5.085198082024047118e-07 6.106802134339577873e-07
6.025252525252524549e+01 5.167205672692441687e-07 5.164054036937888618e-07 5.029474666719889367e-07
8.035353535353534937e+01 5.499925361860133631e-07 4.602397237871248462e-07 5.373295841846657633e-07
1.004545454545454533e+02 5.210587165810759668e-07 5.901174109092488087e-07 4.442223742571446700e-07
1.205555555555555429e+02 5.144868027413153900e-07 6.412633357486465637e-07 5.273212513125267006e-07
1.406565656565656468e+02 5.319602721445926940e-07 7.121848995060656563e-07 4.911044024704563171e-07
1.607575757575757507e+02 5.579735165382114666e-07 9.431263518481469017e-07 4.378883941587255667e-07
1.808585858585858546e+02 5.919003727311899411e-07 1.028936777426679198e-06 4.592141748066669513e-07
2.009595959595959584e+02 6.350522438371705679e-07 1.479647307203119947e-06 4.154677242631915098e-07
2.210606060606060623e+02 6.782441299054256117e-07 1.870598720962146575e-06 4.746739360784044785e-07
2.411616161616161662e+02 7.612127601066465613e-07 2.359076726480442654e-06 4.547179102287658380e-07
2.612626262626262132e+02 7.284231810737839866e-07 3.608830768640120040e-06 4.612959466796213780e-07
2.813636363636363740e+02 8.090467026187026260e-07 5.191367377903056235e-06 4.292002348426954044e-07
3.014646464646464210e+02 8.047148953924459611e-07 6.859893499371214293e-06 4.451419862978015695e-07
3.215656565656565817e+02 8.427360200673688743e-07 8.486474933724675224e-06 4.979481680643043661e-07
3.416666666666666288e+02 9.496108049884968688e-07 9.757771685298603336e-06 5.232386753362491341e-07
3.617676767676767895e+02 8.963618594371717377e-07 1.032663038697869686e-05 5.340292172107074826e-07
3.818686868686868365e+02 9.372762236311797789e-07 8.843353424487145092e-06 5.169019442349001702e-07
4.019696969696969973e+02 9.359573099848021717e-07 9.305848146353066060e-06 5.275745582441292642e-07
4.220707070707070443e+02 9.856552936578232285e-07 8.909482596609349537e-06 5.923104599101937179e-07
4.421717171717172050e+02 9.560901630982734401e-07 8.546963542203399466e-06 5.811465540256488253e-07
4.622727272727272521e+02 9.924569064292121158e-07 8.839293204091803685e-06 6.388639171711742537e-07
4.823737373737373559e+02 9.917502097326236649e-07 9.438630602988526817e-06 6.266025243482335715e-07
5.024747474747474030e+02 9.972920822358282006e-07 1.083144075758579920e-05 6.602118512236045732e-07
5.225757575757575069e+02 1.036482414868699093e-06 1.169677848246704216e-05 7.039429891354702464e-07
5.426767676767676676e+02 1.063941476673738891e-06 1.397974730512556176e-05 7.331504841466398055e-07
5.627777777777778283e+02 1.139780604353846134e-06 1.535618401291027969e-05 7.318186735075171562e-07
5.828787878787878753e+02 1.225092700225372300e-06 1.697914848717551201e-05 7.631098981279908698e-07
6.029797979797979224e+02 1.136729602643214877e-06 1.776564085055186860e-05 8.113034754903418391e-07
6.230808080808080831e+02 1.184490340843131040e-06 1.948882860710448382e-05 8.798504637957875789e-07
6.431818181818182438e+02 1.208174994108542252e-06 1.983659404604822048e-05 9.587296989329995643e-07
6.632828282828281772e+02 1.236585085130558848e-06 1.958716544727535344e-05 1.011643448192561121e-06
6.833838383838383379e+02 1.308268582944564549e-06 1.852675869802776839e-05 1.084417814617311660e-06
7.034848484848484986e+02 1.310525683050003617e-06 1.836176121318506475e-05 1.196160024957208342e-06
7.235858585858585457e+02 1.321087781238708473e-06 1.967297658334400868e-05 1.211171379612728584e-06
7.436868686868685927e+02 1.326181161797612026e-06 1.808502878744068667e-05 1.307875358286526025e-06
7.637878787878787534e+02 1.419734847899529324e-06 1.908066396665013766e-05 1.436892194634734107e-06
7.838888888888889142e+02 1.424648311501995455e-06 1.914707016113572231e-05 1.440013825448279105e-06
8.039898989898989612e+02 1.429893423915673351e-06 1.883920496875774657e-05 1.509181239138512876e-06
8.240909090909090082e+02 1.463868937451444156e-06 2.021885563261812787e-05 1.649990894600058132e-06
8.441919191919191690e+02 1.605692138145251751e-06 2.025772328805346961e-05 1.691036063923222971e-06
8.642929292929293297e+02 1.672632489922826612e-06 2.043547325590626884e-05 1.879573214352473703e-06
8.843939393939393767e+02 1.713442546481002211e-06 2.037288897657206746e-05 1.949580899235354242e-06
9.044949494949494238e+02 1.791377919467879572e-06 1.972851043953833215e-05 2.072701342980959519e-06
9.245959595959595845e+02 1.830807884708575586e-06 2.058937714889536494e-05 2.231243753711173649e-06
9.446969696969697452e+02 1.927535001844654887e-06 2.065586248070835093e-05 2.516052886462363437e-06
9.647979797979796786e+02 1.988506298152539915e-06 1.938358690148648324e-05 2.826273114701222613e-06
9.848989898989898393e+02 2.042383246341445040e-06 2.130256851306758264e-05 3.027840986725138411e-06
1.005000000000000000e+03 2.028110201883785450e-06 2.077509699663896868e-05 3.319929414263015531e-06
1.025101010101009933e+03 2.100289567203283235e-06 2.113388552347484530e-05 3.551948628551245269e-06
1.045202020202020094e+03 2.127649489805909520e-06 2.146859364810844265e-05 3.712791890780378511e-06
1.065303030303030255e+03 2.206374388942232263e-06 2.188458898856787116e-05 3.803217249783038826e-06
1.085404040404040416e+03 2.210725333576777935e-06 2.243162747892456910e-05 3.985744242978750796e-06
1.105505050505050349e+03 2.302121241645564280e-06 2.214487885450993934e-05 4.409568484737674765e-06
1.125606060606060510e+03 2.326000216395521809e-06 2.289364427763718060e-05 4.269586187880378660e-06
1.145707070707070670e+03 2.414986202660799507e-06 2.212971690731413708e-05 4.830164861264478678e-06
1.165808080808080831e+03 2.568999842013455487e-06 2.303517687701888968e-05 4.944496253049489288e-06
1.185909090909090992e+03 2.558372997051279505e-06 2.324015677491395105e-05 5.261307963107131149e-06
1.206010101010100925e+03 2.680283494849892145e-06 2.414377450737691943e-05 5.499791201806867497e-06
1.226111111111111086e+03 2.735978750500391845e-06 2.537054523310200023e-05 5.821869169730115695e-06
1.246212121212121247e+03 2.848258300642592906e-06 2.594037287232050596e-05 6.220406763124854195e-06
1.266313131313131180e+03 2.855516064225233530e-06 2.739343168754970027e-05 6.598938827298755259e-06
1.286414141414141341e+03 2.934680531963083911e-06 2.817589166491210977e-05 7.489289700075707732e-06
1.306515151515151501e+03 2.910691712993117268e-06 2.892991499533018537e-05 7.653481087624237208e-06
1.326616161616161662e+03 2.969149792367551175e-06 3.028625556559563070e-05 7.673566495344973445e-06
1.346717171717171595e+03 3.140327322048602787e-06 3.357837701297838179e-05 8.501615409236497044e-06
1.366818181818181756e+03 3.078375465137288663e-06 3.326264905533116997e-05 9.123501297824108765e-06
1.386919191919191917e+03 3.067036568379018985e-06 3.450742646799972221e-05 9.678693366614213284e-06
1.407020202020201850e+03 3.239557548155147668e-06 3.475312089234523132e-05 9.938369935298433739e-06
1.427121212121212011e+03 3.283091170246131159e-06 3.656317334695177842e-05 1.159911695026712318e-05
1.447222222222222172e+03 3.344103239080040257e-06 3.728245203250703363e-05 1.136455778693845361e-05
1.467323232323232332e+03 3.249599703663135387e-06 3.845159619153228130e-05 1.243029033790741392e-05
1.487424242424242493e+03 3.333260477449232408e-06 3.957054920391113798e-05 1.306616546612842399e-05
1.507525252525252426e+03 3.434921578192085959e-06 4.045791463968876446e-05 1.450124571635875614e-05
1.527626262626262587e+03 3.428899052933775323e-06 4.497936584815484165e-05 1.595260219308562165e-05
1.547727272727272748e+03 3.513894587987581009e-06 4.727420783216882138e-05 1.694988078459482199e-05
1.567828282828282681e+03 3.595359264378931153e-06 4.856107916423985874e-05 1.838046182068151638e-05
1.587929292929292842e+03 3.516472342893034420e-06 5.177536524730197876e-05 2.023931583058945823e-05
1.608030303030303003e+03 3.622479243931593335e-06 5.437002278068144435e-05 2.147761919589952131e-05
1.628131313131313163e+03 3.668676591126074946e-06 5.893547953388732067e-05 2.344502261829810698e-05
1.648232323232323097e+03 3.593551170453193858e-06 6.022646557807845937e-05 2.542188279556120340e-05
1.668333333333333258e+03 3.750000702900684750e-06 6.598048380092254349e-05 2.692091075966331044e-05
1.688434343434343418e+03 3.710381743789600757e-06 6.763774352690537161e-05 2.992750301596072912e-05
1.708535353535353352e+03 3.712971022128088305e-06 7.160908832742012399e-05 3.316277553962324243e-05
1.728636363636363512e+03 3.861153857579708704e-06 7.714809148628016785e-05 3.597390776798363514e-05
1.748737373737373673e+03 3.855195024590513790e-06 7.885958911783753249e-05 3.993930100308922573e-05
1.768838383838383834e+03 3.781692542051761747e-06 7.981968366896425768e-05 4.378007284005519273e-05
1.788939393939393995e+03 3.968782324534049039e-06 8.469429147821484110e-05 4.669556418917037073e-05
1.809040404040403928e+03 3.977625487855468188e-06 8.856446687501574031e-05 5.144505173665148867e-05
1.829141414141414089e+03 4.084679171937939887e-06 9.291601836072022785e-05 5.740985670327549155e-05
1.849242424242424249e+03 4.078661945509143812e-06 1.018566404842999909e-04 6.185848260764472762e-05
1.869343434343434183e+03 4.232423418970321506e-06 1.078812762736473845e-04 6.865291101658219260e-05
1.889444444444444343e+03 4.323555543939667623e-06 1.173792875913949282e-04 7.606714911110917712e-05
1.909545454545454504e+03 4.317671014734288059e-06 1.256360451569870783e-04 8.337498548680254650e-05
1.929646464646464665e+03 4.438390269690550278e-06 1.358112546373184241e-04 9.537855162054571670e-05
1.949747474747474598e+03 4.677428590984480186e-06 1.441238526319319250e-04 1.047704284583625813e-04
1.969848484848484759e+03 4.584680760195119969e-06 1.545412274562497272e-04 1.162751486705378970e-04
1.989949494949494920e+03 4.795163571415493744e-06 1.677590894191204822e-04 1.330147302993191845e-04
