2.005050505050505194e+01 3.481052436844486927e-07 3.356481921588827583e-07 4.025160182455429285e-07
4.015151515151514872e+01 3.547888116075310900e-07 3.481421503704469045e-07 3.993725146104763083e-07
6.025252525252524549e+01 3.621493232663942735e-07 3.662030168951188675e-07 3.914530258830454954e-07
8.035353535353534937e+01 3.762644492572014496e-07 3.978368486001337706e-07 3.868669881793991980e-07
1.004545454545454533e+02 3.992781806738097082e-07 4.479789034980920697e-07 3.858858659045787827e-07
1.205555555555555429e+02 4.267951746877628544e-07 5.185235384229565152e-07 3.827324572050867463e-07
1.406565656565656468e+02 4.592325526716521911e-07 6.152427279173933681e-07 3.791968441774220033e-07
1.607575757575757507e+02 4.975420560329106055e-07 7.554269938191036039e-07 3.764281373928420835e-07
1.808585858585858546e+02 5.418360870965297607e-07 9.585745050585653106e-07 3.738144757413411991e-07
2.009595959595959584e+02 5.888699471579226470e-07 1.254742836130120343e-06 3.718542907005293699e-07
2.210606060606060623e+02 6.393058910207755434e-07 1.700916230349157883e-06 3.733818842833252456e-07
2.411616161616161662e+02 6.900790744001192781e-07 2.403460272926963883e-06 3.776468765829945600e-07
2.612626262626262132e+02 7.378151346614985354e-07 3.478765579174574991e-06 3.855085710682447234e-07
2.813636363636363740e+02 7.807015696548090603e-07 5.046274993661023343e-06 3.977835428988711418e-07
3.014646464646464210e+02 8.162428015788888437e-07 7.072207191202568947e-06 4.142915920093689692e-07
3.215656565656565817e+02 8.435095160149006383e-07 8.907731635657685455e-06 4.335809256460178038e-07
3.416666666666666288e+02 8.629584381492716017e-07 9.812311826068525358e-06 4.555461947244434940e-07
3.617676767676767895e+02 8.769214184886556387e-07 9.732687843171790198e-06 4.792122193620057519e-07
3.818686868686868365e+02 8.874936235625529366e-07 9.171998748865522544e-06 5.031588076359868275e-07
4.019696969696969973e+02 8.971039605976531312e-07 8.639229129514562681e-06 5.260420503070985605e-07
4.220707070707070443e+02 9.078757902603442340e-07 8.354643439851413108e-06 5.461568605056664470e-07
4.421717171717172050e+02 9.203045568700005751e-07 8.370133265500559613e-06 5.639635230306521605e-07
4.622727272727272521e+02 9.375571152983584644e-07 8.712623885007604190e-06 5.805167340571857593e-07
4.823737373737373559e+02 9.581618523637211287e-07 9.392713960381071344e-06 5.965376907521293161e-07
5.024747474747474030e+02 9.835775847901961839e-07 1.046087080089608890e-05 6.152795914145994797e-07
5.225757575757575069e+02 1.013113905720200803e-06 1.190416551659985110e-05 6.380085222395615297e-07
5.426767676767676676e+02 1.045082738920356160e-06 1.361547115511102568e-05 6.658350670464202488e-07
5.627777777777778283e+02 1.078497113278105201e-06 1.547796857953733264e-05 7.005784284580114727e-07
5.828787878787878753e+02 1.112514027316004379e-06 1.720567766569835585e-05 7.443003598727867124e-07
6.029797979797979224e+02 1.146105765481105159e-06 1.848333167377052611e-05 7.963245084582375923e-07
6.230808080808080831e+02 1.177730794891254704e-06 1.913332333431204057e-05 8.558245110841212790e-07
6.431818181818182438e+02 1.207185085585231644e-06 1.924617703186031004e-05 9.229346089360449460e-07
6.632828282828281772e+02 1.234804670513920742e-06 1.899658938089497878e-05 9.958392392323195326e-07
6.833838383838383379e+02 1.261687153768578651e-06 1.864141514689734123e-05 1.070145695179717930e-06
7.034848484848484986e+02 1.288568369761539546e-06 1.836846423790113649e-05 1.144302323789728897e-06
7.235858585858585457e+02 1.315876441087957339e-06 1.822189518836532011e-05 1.215288006719273424e-06
7.436868686868685927e+02 1.345710981721942707e-06 1.824741891109779639e-05 1.279216316689972147e-06
7.637878787878787534e+02 1.378928692250737575e-06 1.844904496837538335e-05 1.341698536847188788e-06
7.838888888888889142e+02 1.416528171665582954e-06 1.875413334890341230e-05 1.403702735717749539e-06
8.039898989898989612e+02 1.459676973935474182e-06 1.911378328388181158e-05 1.471628146558874722e-06
8.240909090909090082e+02 1.507788811118472121e-06 1.944382331821186175e-05 1.550821860138839642e-06
8.441919191919191690e+02 1.560334327030952512e-06 1.969851144801179702e-05 1.643931543810396671e-06
8.642929292929293297e+02 1.616083327696774439e-06 1.984708603832695351e-05 1.757836858918529947e-06
8.843939393939393767e+02 1.676341263985877969e-06 1.988564051926292405e-05 1.896465521592730091e-06
9.044949494949494238e+02 1.739037645268344134e-06 1.986162461273056808e-05 2.066591156545681431e-06
9.245959595959595845e+02 1.801171076190070501e-06 1.980281063064927042e-05 2.266052271540547600e-06
9.446969696969697452e+02 1.861022660136560014e-06 1.978736734014296239e-05 2.485172819347185802e-06
9.647979797979796786e+02 1.918003413578061964e-06 1.984802739958712971e-05 2.720031999286673997e-06
9.848989898989898393e+02 1.973475894857684223e-06 2.000579900563523029e-05 2.964052047128247918e-06
1.005000000000000000e+03 2.027662013579784983e-06 2.027122784567589596e-05 3.204424237666356916e-06
1.025101010101009933e+03 2.079832728776148260e-06 2.059223723142504793e-05 3.428225136669668243e-06
1.045202020202020094e+03 2.131554183294500206e-06 2.097456986045776820e-05 3.632126240603558646e-06
1.065303030303030255e+03 2.185059674251959785e-06 2.136977601111278864e-05 3.815406360048506316e-06
1.085404040404040416e+03 2.240458862673644496e-06 2.175137598927819342e-05 3.990796028050566562e-06
1.105505050505050349e+03 2.300141332708194734e-06 2.211973513047140550e-05 4.172196120003116186e-06
1.125606060606060510e+03 2.362623704885850832e-06 2.245452719880702217e-05 4.367937202407223150e-06
1.145707070707070670e+03 2.427651894845242583e-06 2.278250842029652806e-05 4.581587430843764069e-06
1.165808080808080831e+03 2.494150266481293003e-06 2.315331071559589859e-05 4.822788921074808844e-06
1.185909090909090992e+03 2.562479142962747777e-06 2.359988752643678932e-05 5.097189758764232505e-06
1.206010101010100925e+03 2.631666572921323678e-06 2.416654901856874824e-05 5.408379264679151782e-06
1.226111111111111086e+03 2.699653886908110347e-06 2.489945646373571962e-05 5.755706116255047934e-06
1.246212121212121247e+03 2.765799575969586436e-06 2.579373281944710104e-05 6.137799210860233336e-06
1.266313131313131180e+03 2.828813142207917312e-06 2.685836444904920954e-05 6.541460388847960293e-06
1.286414141414141341e+03 2.887518117738385153e-06 2.805276552340569461e-05 6.979086876597659729e-06
1.306515151515151501e+03 2.944504527191790222e-06 2.939734925154235921e-05 7.451166076806757474e-06
1.326616161616161662e+03 2.997341241573693800e-06 3.075670918702158260e-05 7.938694046435895553e-06
1.346717171717171595e+03 3.044410989337212680e-06 3.204609907539344239e-05 8.444066136045911885e-06
1.366818181818181756e+03 3.089760188130405429e-06 3.325800283222528451e-05 8.978307362197480965e-06
1.386919191919191917e+03 3.132581309565851619e-06 3.434649405616701644e-05 9.561570608189374720e-06
1.407020202020201850e+03 3.174706313472578101e-06 3.533961455431192122e-05 1.018596425448472191e-05
1.427121212121212011e+03 3.216920320150172674e-06 3.628999299492989187e-05 1.088368029675328267e-05
1.447222222222222172e+03 3.259910746511406444e-06 3.726709048268997881e-05 1.164787994491091786e-05
1.467323232323232332e+03 3.304175347173795590e-06 3.835235380715620179e-05 1.248325627755591967e-05
1.487424242424242493e+03 3.348312373673483178e-06 3.967975790257888258e-05 1.340510293082745381e-05
1.507525252525252426e+03 3.393958855074662104e-06 4.135747563796267459e-05 1.444346656190537912e-05
1.527626262626262587e+03 3.440164325429840614e-06 4.342573287598160012e-05 1.559481305205278421e-05
1.547727272727272748e+03 3.484054122637161096e-06 4.585817168639357044e-05 1.683431934635886456e-05
1.567828282828282681e+03 3.526176842091281637e-06 4.869263833948419087e-05 1.820352895393864863e-05
1.587929292929292842e+03 3.564893619491859956e-06 5.185254655350336045e-05 1.969666723667140064e-05
1.608030303030303003e+03 3.599860493315778738e-06 5.525727215793490416e-05 2.135056458288685433e-05
1.628131313131313163e+03 3.631877366307104674e-06 5.876902232957286203e-05 2.317315749904458146e-05
1.648232323232323097e+03 3.660502971748535105e-06 6.222666769130721530e-05 2.519380865640936609e-05
1.668333333333333258e+03 3.686976015382193913e-06 6.554420970120349921e-05 2.742238013080458637e-05
1.688434343434343418e+03 3.712495360232749970e-06 6.859704020727599267e-05 2.988143084357129331e-05
1.708535353535353352e+03 3.739884450996275597e-06 7.155874938556583040e-05 3.269041177264576643e-05
1.728636363636363512e+03 3.770835978641237218e-06 7.446049868773066556e-05 3.584877675530084005e-05
1.748737373737373673e+03 3.805058650136492934e-06 7.743126018337946419e-05 3.931020374538307454e-05
1.768838383838383834e+03 3.845831455810039582e-06 8.066727023471193241e-05 4.315941000032154677e-05
1.788939393939393995e+03 3.894596409113031409e-06 8.447817247021828274e-05 4.742040900483855253e-05
1.809040404040403928e+03 3.950631419820806761e-06 8.897809075995845535e-05 5.217392606865694989e-05
1.829141414141414089e+03 4.014747414797532464e-06 9.438877583811812022e-05 5.748301112088003307e-05
1.849242424242424249e+03 4.088202518384307440e-06 1.008145644669067970e-04 6.345105097858544754e-05
1.869343434343434183e+03 4.168227654665029187e-06 1.082367308452273123e-04 7.008570288245235939e-05
1.889444444444444343e+03 4.254846670300342217e-06 1.165510252965762378e-04 7.750025225918490850e-05
1.909545454545454504e+03 4.348196849884941950e-06 1.258944043482412346e-04 8.600974272158789537e-05
1.929646464646464665e+03 4.447146027122502506e-06 1.357131793318477452e-04 9.556260720944042056e-05
1.949747474747474598e+03 4.546586710879084761e-06 1.456547163865171905e-04 1.060482804940412273e-04
1.969848484848484759e+03 4.649641589367448303e-06 1.558391020518978397e-04 1.178465160928132027e-04
1.989949494949494920e+03 4.757464306723798641e-06 1.661500384577083449e-04 1.311712306277706193e-04
