2.005050505050505194e+01 5.220867601670043888e-07 4.438133131428461266e-07 5.839878593889026238e-07
4.015151515151514872e+01 4.481605994333913557e-07 4.403954017540529686e-07 5.288565643181738600e-07
6.025252525252524549e+01 5.283744090159863887e-07 5.594128359837303717e-07 4.943841134754119073e-07
8.035353535353534937e+01 4.297246150810195199e-07 5.209208590063582804e-07 4.398362416769403365e-07
1.004545454545454533e+02 5.304121543269018588e-07 5.745445908672119545e-07 4.836118435409923094e-07
1.205555555555555429e+02 6.033235359528565226e-07 6.092906417123980870e-07 4.746344761721774391e-07
1.406565656565656468e+02 5.617130591770976462e-07 6.430553240837660204e-07 4.329702557375689906e-07
1.607575757575757507e+02 5.905215135661453926e-07 8.616475636707876160e-07 4.925161542475399697e-07
1.808585858585858546e+02 7.038637991266727392e-07 1.017981055446064520e-06 4.759540412774387246e-07
2.009595959595959584e+02 7.079545376479483120e-07 1.402660093860051110e-06 4.415193301268391113e-07
2.210606060606060623e+02 6.619409420587670790e-07 1.786041080139108086e-06 4.184901221177239773e-07
2.411616161616161662e+02 7.907166585299631861e-07 2.661289909426435737e-06 4.396635286179517159e-07
2.612626262626262132e+02 8.228429951600435800e-07 3.545569087946703500e-06 4.187566215415484474e-07
2.813636363636363740e+02 7.855938980367518471e-07 4.957712076226517953e-06 4.229489983097863428e-07
3.014646464646464210e+02 8.180669889850995810e-07 7.605935782964617093e-06 4.466919553273349125e-07
3.215656565656565817e+02 9.071545225289121073e-07 9.105835790121287221e-06 4.707012368237649355e-07
3.416666666666666288e+02 9.345668716978544727e-07 9.992579776136461411e-06 5.052550558094421226e-07
3.617676767676767895e+02 9.284974946680250256e-07 9.823235321316859715e-06 5.106124996184161642e-07
3.818686868686868365e+02 8.623029512175736440e-07 9.214619995072874953e-06 5.182815701504598755e-07
4.019696969696969973e+02 9.285589450970459767e-07 9.550865457834284105e-06 5.460514775195485233e-07
4.220707070707070443e+02 8.792270470261263613e-07 8.308231274944761146e-06 6.118284028349030320e-07
4.421717171717172050e+02 9.700596774205082215e-07 8.610937864641171892e-06 5.892449852921202016e-07
4.622727272727272521e+02 9.656552821850626344e-07 8.586805971497514387e-06 5.750263668409573199e-07
4.823737373737373559e+02 1.017107978604987463e-06 9.591636920890525425e-06 6.476985428965475963e-07
5.024747474747474030e+02 9.706756721158183393e-07 1.058382419412873428e-05 6.332116487948719564e-07
5.225757575757575069e+02 1.062412783671242567e-06 1.138731766667529928e-05 6.714471755811920439e-07
5.426767676767676676e+02 1.099896477611215243e-06 1.343672481494627222e-05 6.709707372674858634e-07
5.627777777777778283e+02 1.053408987870807295e-06 1.575029384838730023e-05 7.061745000537828284e-07
5.828787878787878753e+02 1.079617939340391377e-06 1.704144057348022672e-05 7.808567080789151894e-07
6.029797979797979224e+02 1.150082925930244625e-06 1.850156623565630192e-05 8.209510325566540526e-07
6.230808080808080831e+02 1.209244615712417554e-06 1.854684923652966867e-05 8.972059996317924689e-07
6.431818181818182438e+02 1.213316244904373420e-06 1.976955663222040540e-05 9.245483515338447956e-07
6.632828282828281772e+02 1.204416518295332492e-06 1.975836803369127034e-05 1.034313711027428479e-06
6.833838383838383379e+02 1.375751271466305798e-06 1.857166421419159842e-05 1.093914994180181897e-06
7.034848484848484986e+02 1.322651054122703694e-06 1.813424531847194666e-05 1.174446045453239268e-06
7.235858585858585457e+02 1.310576137840992480e-06 1.785581058428036246e-05 1.274287690892015739e-06
7.436868686868685927e+02 1.385650138814557804e-06 1.797566536710364459e-05 1.344573430235585039e-06
7.637878787878787534e+02 1.377000723785401226e-06 1.880002519931730959e-05 1.389875083362224064e-06
7.838888888888889142e+02 1.378242850519196681e-06 1.823061338139992887e-05 1.442255514721235351e-06
8.039898989898989612e+02 1.431083765672993961e-06 1.942822742798300570e-05 1.533698873490013924e-06
8.240909090909090082e+02 1.505699393478700311e-06 1.905303125482771766e-05 1.571558339579851315e-06
8.441919191919191690e+02 1.586941159996204254e-06 2.005178634851000706e-05 1.756870193949061500e-06
8.642929292929293297e+02 1.662425813821341058e-06 2.018586661224027926e-05 1.816047707451365017e-06
8.843939393939393767e+02 1.695333117277930415e-06 1.969896497221610625e-05 1.847561192553216850e-06
9.044949494949494238e+02 1.735861531690809025e-06 2.026743904144616082e-05 2.121342183859506083e-06
9.245959595959595845e+02 1.851891440714432987e-06 1.935998428152627785e-05 2.288608382560871029e-06
9.446969696969697452e+02 1.958047967508619751e-06 2.021428793523693938e-05 2.507973898596856614e-06
9.647979797979796786e+02 1.936337085038292401e-06 1.951403210886028209e-05 2.698760660683997653e-06
9.848989898989898393e+02 1.916809111131242806e-06 2.041730114515267978e-05 2.897599766005829497e-06
1.005000000000000000e+03 2.053428682338285658e-06 2.044151498826214783e-05 3.299694846744525528e-06
1.025101010101009933e+03 2.092282688455947832e-06 2.066683244492371443e-05 3.434620967793809679e-06
1.045202020202020094e+03 2.078182652858314185e-06 2.081678336088741365e-05 3.598947399950086004e-06
1.065303030303030255e+03 2.241409881462020470e-06 2.153776403224190989e-05 3.922491694882985126e-06
1.085404040404040416e+03 2.190374036817566863e-06 2.211047678167647000e-05 4.113331303155812362e-06
1.105505050505050349e+03 2.306944075277208256e-06 2.307651038100622687e-05 4.190630431843223112e-06
1.125606060606060510e+03 2.372436419410756360e-06 2.242832894244077330e-05 4.402175943602289180e-06
1.145707070707070670e+03 2.375326125203841180e-06 2.370042772402757971e-05 4.531744952408282338e-06
1.165808080808080831e+03 2.482876988344400567e-06 2.312158789511185205e-05 4.954548931166082302e-06
1.185909090909090992e+03 2.652963016502226099e-06 2.474108086122049971e-05 5.015495268846818514e-06
1.206010101010100925e+03 2.701313405770459584e-06 2.445971337265616467e-05 5.395523834434672011e-06
1.226111111111111086e+03 2.636455463797714022e-06 2.552746273560397937e-05 5.680008222445482798e-06
1.246212121212121247e+03 2.700400349621170668e-06 2.579655611502708028e-05 6.360331699875662462e-06
1.266313131313131180e+03 2.979689585955526273e-06 2.740974232200121921e-05 6.550525418354730505e-06
1.286414141414141341e+03 2.923036498393987479e-06 2.857424737091831632e-05 7.293082781821216870e-06
1.306515151515151501e+03 2.990500998477289108e-06 3.025324824463729274e-05 7.145865836575556140e-06
1.326616161616161662e+03 2.990593368968913241e-06 3.007488285689406392e-05 8.135770265471151192e-06
1.346717171717171595e+03 3.181800055228252150e-06 3.168655119985240451e-05 8.451146874889011752e-06
1.366818181818181756e+03 3.105976081200303329e-06 3.358058100424985874e-05 8.858320222302752702e-06
1.386919191919191917e+03 3.124793482700297614e-06 3.437508463258084597e-05 9.777231487017408793e-06
1.407020202020201850e+03 3.210660278186663332e-06 3.439652055385592806e-05 1.022550582104937230e-05
1.427121212121212011e+03 3.285044492756473613e-06 3.647754517745010994e-05 1.072882864772008551e-05
1.447222222222222172e+03 3.345057044712045106e-06 3.645559330683068315e-05 1.187546729032475559e-05
1.467323232323232332e+03 3.353207847029410803e-06 3.810436881997838939e-05 1.209361572622396844e-05
1.487424242424242493e+03 3.387805138782811960e-06 4.016033674121147537e-05 1.358306609049804271e-05
1.507525252525252426e+03 3.453248558612628430e-06 4.177790580692552954e-05 1.448751672237257431e-05
1.527626262626262587e+03 3.351448999476725580e-06 4.495968412602305140e-05 1.543568050881629359e-05
1.547727272727272748e+03 3.441394694993494064e-06 4.741398907696327736e-05 1.686242647409625747e-05
1.567828282828282681e+03 3.615291172422619981e-06 4.853100204580514858e-05 1.798483217690458459e-05
1.587929292929292842e+03 3.575052706728935852e-06 5.148948732208647372e-05 1.959607590660038875e-05
1.608030303030303003e+03 3.725430956685529600e-06 5.736758907905812439e-05 2.181297146451760492e-05
1.628131313131313163e+03 3.654153843127447600e-06 5.915591212481718952e-05 2.286912074102146031e-05
1.648232323232323097e+03 3.672614599580782450e-06 6.165858123670015282e-05 2.504281696090645811e-05
1.668333333333333258e+03 3.738391926397266716e-06 6.552448175326381881e-05 2.729007646856876950e-05
1.688434343434343418e+03 3.723229048264803367e-06 6.811962475470691484e-05 3.077821703875360321e-05
1.708535353535353352e+03 3.828015679406743783e-06 7.158685505445099213e-05 3.237128299566142243e-05
1.728636363636363512e+03 3.806727548120505572e-06 7.462941056113631003e-05 3.623912460481326674e-05
1.748737373737373673e+03 3.804981866401101085e-06 7.815020540496655675e-05 3.967916208974901635e-05
1.768838383838383834e+03 3.854032320211077434e-06 7.805699682719054720e-05 4.346721569138417579e-05
1.788939393939393995e+03 3.903965020352794276e-06 8.360939819839029576e-05 4.697127030070190042e-05
1.809040404040403928e+03 3.940667716339042316e-06 8.834395898165304378e-05 5.160918186431389846e-05
1.829141414141414089e+03 4.118718608124037603e-06 9.478507145644480040e-05 5.681662064616071909e-05
1.849242424242424249e+03 4.093283831246074668e-06 1.034781471059678431e-04 6.282443892004445482e-05
1.869343434343434183e+03 3.960483502302524702e-06 1.108098287146709718e-04 6.930765935673153242e-05
1.889444444444444343e+03 4.268599116573801993e-06 1.183116213062028693e-04 7.923528228276517909e-05
1.909545454545454504e+03 4.386621250869239044e-06 1.283191598560714977e-04 8.475994528202415767e-05
1.929646464646464665e+03 4.514134877882709021e-06 1.327667873124486434e-04 9.584524493114222334e-05
1.949747474747474598e+03 4.594935815386196886e-06 1.439763018803905364e-04 1.050325197047251844e-04
1.969848484848484759e+03 4.638034664773132564e-06 1.579318402038730181e-04 1.151455408222937509e-04
1.989949494949494920e+03 4.901815911400380648e-06 1.641722237960395068e-04 1.283730737600669687e-04
