2.005050505050505194e+01 3.479758708509516097e-07 3.392550933933231067e-07 4.051801195503257636e-07
4.015151515151514872e+01 3.546120966502085929e-07 3.514402857560267784e-07 4.015240345023671746e-07
6.025252525252524549e+01 3.609843654319495855e-07 3.688498705554093261e-07 3.939191760069356100e-07
8.035353535353534937e+01 3.755512059922488331e-07 4.004019402612663151e-07 3.890880235024932173e-07
1.004545454545454533e+02 3.980539527165428465e-07 4.505747828117205404e-07 3.872698297747269472e-07
1.205555555555555429e+02 4.257952926032642063e-07 5.205353387444385207e-07 3.840765708474354275e-07
1.406565656565656468e+02 4.580518081816433000e-07 6.173051417471872608e-07 3.804626002369876046e-07
1.607575757575757507e+02 4.969438854931867460e-07 7.563836980025482142e-07 3.771340166100484273e-07
1.808585858585858546e+02 5.418348748543640444e-07 9.589724489009904843e-07 3.746773726260076539e-07
2.009595959595959584e+02 5.888878888479763198e-07 1.255461364546165274e-06 3.728313365160407012e-07
2.210606060606060623e+02 6.393398817957572764e-07 1.705067863975062597e-06 3.745709310380959825e-07
2.411616161616161662e+02 6.903917344739541823e-07 2.409771368474096726e-06 3.792218878139782207e-07
2.612626262626262132e+02 7.381452060329108855e-07 3.485885073578768199e-06 3.871823927461232636e-07
2.813636363636363740e+02 7.802093079184335337e-07 5.049349717757916525e-06 4.000536473028688396e-07
3.014646464646464210e+02 8.157137530773381300e-07 7.065228999402897553e-06 4.164713807522658418e-07
3.215656565656565817e+02 8.426164782726942565e-07 8.894286169666989984e-06 4.364346466262692842e-07
3.416666666666666288e+02 8.620358709866020159e-07 9.802264971766040750e-06 4.585924701920390903e-07
3.617676767676767895e+02 8.765616503468739799e-07 9.728963554686193330e-06 4.828528014533423652e-07
3.818686868686868365e+02 8.871190821821977637e-07 9.161888219768244527e-06 5.068679286869617062e-07
4.019696969696969973e+02 8.969827048853198861e-07 8.626146130202997088e-06 5.290510217108833467e-07
4.220707070707070443e+02 9.086284991515589820e-07 8.336696187298051397e-06 5.482895327566665403e-07
4.421717171717172050e+02 9.219429063021561494e-07 8.343605228441099131e-06 5.655416510449411601e-07
4.622727272727272521e+02 9.395936445551416829e-07 8.677344097834642652e-06 5.815105905777834542e-07
4.823737373737373559e+02 9.602673767612176763e-07 9.347462493356763577e-06 5.970818106856037653e-07
5.024747474747474030e+02 9.860326687975671620e-07 1.041301280000930797e-05 6.154772981346220121e-07
5.225757575757575069e+02 1.015880097043876726e-06 1.184962185728383989e-05 6.380967339440766490e-07
5.426767676767676676e+02 1.047376830842763836e-06 1.357418618099842975e-05 6.655080338822524117e-07
5.627777777777778283e+02 1.080371139827712848e-06 1.544159831226389260e-05 7.000625738851272478e-07
5.828787878787878753e+02 1.114615267341379789e-06 1.718851929230076864e-05 7.438251440452827235e-07
6.029797979797979224e+02 1.148070163672319212e-06 1.849654383791075730e-05 7.962831604575038911e-07
6.230808080808080831e+02 1.179638839884712855e-06 1.918075861429255864e-05 8.562915579592663315e-07
6.431818181818182438e+02 1.209455281338250233e-06 1.931283421558697023e-05 9.235725748672625004e-07
6.632828282828281772e+02 1.237735773731463438e-06 1.905593445474306960e-05 9.963262372052922886e-07
6.833838383838383379e+02 1.265213176640660058e-06 1.869927991493330541e-05 1.071140838274651403e-06
7.034848484848484986e+02 1.292283762693310936e-06 1.839269307291685002e-05 1.146151262981603561e-06
7.235858585858585457e+02 1.320814629308763140e-06 1.823492743725943857e-05 1.216824068930059540e-06
7.436868686868685927e+02 1.350198356775319722e-06 1.827182877244006145e-05 1.279577956045768232e-06
7.637878787878787534e+02 1.384440606501044502e-06 1.847005818926426352e-05 1.339824775971906197e-06
7.838888888888889142e+02 1.422294892610103456e-06 1.879077986683262594e-05 1.400811904952154798e-06
8.039898989898989612e+02 1.464946454191348237e-06 1.916491492880891481e-05 1.466560039893215361e-06
8.240909090909090082e+02 1.512854356755973911e-06 1.952889386701652075e-05 1.543958177181671171e-06
8.441919191919191690e+02 1.565506405707530356e-06 1.980843321118716234e-05 1.636277491048614281e-06
8.642929292929293297e+02 1.621244050268884843e-06 1.995307228387492739e-05 1.749334890965300199e-06
8.843939393939393767e+02 1.681031849788572741e-06 1.999250898218701914e-05 1.888932078706909910e-06
9.044949494949494238e+02 1.743525236928378364e-06 1.994600945556520836e-05 2.059901558275032342e-06
9.245959595959595845e+02 1.805595072396553124e-06 1.989044290699246487e-05 2.262356725841809476e-06
9.446969696969697452e+02 1.865744373483148557e-06 1.987526748714749512e-05 2.484551867747138851e-06
9.647979797979796786e+02 1.922746304685378478e-06 1.993954234369605549e-05 2.725348136614401380e-06
9.848989898989898393e+02 1.978096325358193578e-06 2.009462829204637462e-05 2.972729558465646413e-06
1.005000000000000000e+03 2.032205390252857616e-06 2.035815372670735576e-05 3.214307361029555306e-06
1.025101010101009933e+03 2.084293921337889880e-06 2.069553511491607672e-05 3.436196672456576616e-06
1.045202020202020094e+03 2.136424759643828599e-06 2.108778108039243196e-05 3.635372893576685217e-06
1.065303030303030255e+03 2.189104810468832961e-06 2.149075343973282020e-05 3.816346505589040077e-06
1.085404040404040416e+03 2.244396089332109079e-06 2.187528754486489193e-05 3.987280613120205629e-06
1.105505050505050349e+03 2.303167800705342027e-06 2.224078691875270474e-05 4.164469733016716094e-06
1.125606060606060510e+03 2.366342594721523243e-06 2.258157245731939777e-05 4.354910653899091602e-06
1.145707070707070670e+03 2.429807256501882767e-06 2.289601865082993679e-05 4.565690590899176433e-06
1.165808080808080831e+03 2.495445340669340687e-06 2.326264696643008030e-05 4.803249285080339355e-06
1.185909090909090992e+03 2.562596826766162859e-06 2.370754237674809950e-05 5.077374352669685431e-06
1.206010101010100925e+03 2.630190828867955093e-06 2.428805374811920798e-05 5.387831125630018490e-06
1.226111111111111086e+03 2.697592142888682290e-06 2.501973355806880650e-05 5.739689077708358778e-06
1.246212121212121247e+03 2.763256146688260252e-06 2.592191255564772764e-05 6.120563325236196143e-06
1.266313131313131180e+03 2.825620528072040181e-06 2.698305880869337749e-05 6.534231548238782542e-06
1.286414141414141341e+03 2.884096134132564682e-06 2.819816361878677631e-05 6.970359383965715756e-06
1.306515151515151501e+03 2.940887683333636515e-06 2.953705033969540985e-05 7.443412165364095992e-06
1.326616161616161662e+03 2.993162413719484517e-06 3.090844614835848095e-05 7.931753549465829977e-06
1.346717171717171595e+03 3.040891581339874755e-06 3.219804893533541746e-05 8.434856392020558880e-06
1.366818181818181756e+03 3.086207560166294685e-06 3.340393242241555577e-05 8.964792728038706868e-06
1.386919191919191917e+03 3.128999898389265718e-06 3.449202272591603269e-05 9.538512828121216953e-06
1.407020202020201850e+03 3.171419998962097872e-06 3.547756005716272101e-05 1.015766399612927206e-05
1.427121212121212011e+03 3.213446457022093879e-06 3.642088957666759835e-05 1.084167366576302377e-05
1.447222222222222172e+03 3.256054494688988391e-06 3.739786190894806380e-05 1.159244271584458524e-05
1.467323232323232332e+03 3.299922911275214712e-06 3.849756550171559184e-05 1.242314103844153001e-05
1.487424242424242493e+03 3.344269885526833133e-06 3.981356606886742570e-05 1.333479834519790589e-05
1.507525252525252426e+03 3.389764028505737632e-06 4.148266339071590258e-05 1.437144796535187230e-05
1.527626262626262587e+03 3.435469364893223997e-06 4.355965071424105670e-05 1.551673769840847505e-05
1.547727272727272748e+03 3.479743052862424604e-06 4.601204225510345465e-05 1.676367435398143732e-05
1.567828282828282681e+03 3.520884485298903928e-06 4.883024319176851313e-05 1.811934672502915093e-05
1.587929292929292842e+03 3.560065680057699071e-06 5.200393823996611028e-05 1.962246090716510485e-05
1.608030303030303003e+03 3.595202388120309687e-06 5.539095880065317425e-05 2.127327239317989562e-05
1.628131313131313163e+03 3.627796017021185218e-06 5.889293702822553093e-05 2.309368624463828775e-05
1.648232323232323097e+03 3.657119482936933895e-06 6.234140105205529937e-05 2.510874033716615223e-05
1.668333333333333258e+03 3.683332335517925960e-06 6.562939189737432527e-05 2.733864524652757308e-05
1.688434343434343418e+03 3.709781990146424610e-06 6.867186109515209893e-05 2.978089206704284366e-05
1.708535353535353352e+03 3.737857704932379269e-06 7.163845327257871258e-05 3.257630465481044734e-05
1.728636363636363512e+03 3.769492473819467303e-06 7.455173208316272541e-05 3.571112271360704128e-05
1.748737373737373673e+03 3.804578415795742680e-06 7.748558778625130633e-05 3.913254996668659593e-05
1.768838383838383834e+03 3.846646430366396613e-06 8.075158908181955181e-05 4.294260702188045713e-05
1.788939393939393995e+03 3.896078209118830992e-06 8.455757610485931716e-05 4.719493633124065984e-05
1.809040404040403928e+03 3.952513472112391547e-06 8.902881033892332484e-05 5.188073507221971830e-05
1.829141414141414089e+03 4.018078886304773863e-06 9.442755361725125381e-05 5.714388694049200992e-05
1.849242424242424249e+03 4.091469675136362062e-06 1.008440681681727790e-04 6.306386325267092753e-05
1.869343434343434183e+03 4.170897589364910894e-06 1.081632024192895152e-04 6.966244067020231233e-05
1.889444444444444343e+03 4.257495954301015010e-06 1.163969920995017686e-04 7.701008556411232373e-05
1.909545454545454504e+03 4.350851589177308315e-06 1.256077063865939584e-04 8.549709298164534412e-05
1.929646464646464665e+03 4.448849867861960445e-06 1.353988492164501516e-04 9.500863486967070580e-05
1.949747474747474598e+03 4.547847833984466667e-06 1.453110710367070530e-04 1.054904766601817110e-04
1.969848484848484759e+03 4.651428494600860051e-06 1.552942622743184954e-04 1.172024878417419856e-04
1.989949494949494920e+03 4.759145344288674805e-06 1.656445501687050018e-04 1.305134726692693816e-04
