2.005050505050505194e+01 4.223623375365096484e-07 4.981288723738967132e-07 6.598570009790251424e-07
4.015151515151514872e+01 5.143070245524901127e-07 5.700465428619292941e-07 5.093935898987235364e-07
6.025252525252524549e+01 4.935956058524717108e-07 5.249108388799998690e-07 6.413111266235454464e-07
8.035353535353534937e+01 5.071523490482124100e-07 5.495888135363868650e-07 6.027026855688623139e-07
1.004545454545454533e+02 5.209999244237674160e-07 5.649725842167470086e-07 5.479502880756841596e-07
1.205555555555555429e+02 5.428339417801267675e-07 6.261384822595001566e-07 5.021989071078405185e-07
1.406565656565656468e+02 5.174160812737092821e-07 7.330296647349410991e-07 4.304666634023685302e-07
1.607575757575757507e+02 5.605655443141821278e-07 8.530712745499893096e-07 4.550446375594389137e-07
1.808585858585858546e+02 6.091849602261710308e-07 1.006820443991273107e-06 4.667359001816401399e-07
2.009595959595959584e+02 6.831483523152570108e-07 1.267915080616509788e-06 4.581766155371929474e-07
2.210606060606060623e+02 6.959896147562569590e-07 1.864848751903061049e-06 4.952869009031703349e-07
2.411616161616161662e+02 7.235355437597128611e-07 2.614977873752419838e-06 4.644913407723217718e-07
2.612626262626262132e+02 7.649058351696946509e-07 3.727431650034306869e-06 4.566423372157152027e-07
2.813636363636363740e+02 7.977546556061679632e-07 5.281007531434260480e-06 4.387544304543738945e-07
3.014646464646464210e+02 8.723318506490829530e-07 6.887163756248684768e-06 4.740776801980930764e-07
3.215656565656565817e+02 8.852606562091013307e-07 9.089494033539004993e-06 5.193378426782886290e-07
3.416666666666666288e+02 9.056584213770675303e-07 1.054280492130609616e-05 5.017693177810850629e-07
3.617676767676767895e+02 9.651528996859730380e-07 1.033036818387635438e-05 5.499666355183229821e-07
3.818686868686868365e+02 9.095696571376207098e-07 9.541557033969376414e-06 5.252805183815403023e-07
4.019696969696969973e+02 9.250248727189328181e-07 9.245494652244507403e-06 5.637141383095938630e-07
4.220707070707070443e+02 9.139887518255930770e-07 8.523100823405665991e-06 5.957179032182579507e-07
4.421717171717172050e+02 9.914618820089636829e-07 8.409602731784503047e-06 5.703630186817203550e-07
4.622727272727272521e+02 9.922326499981285495e-07 9.008791627141906239e-06 6.142671274002717337e-07
4.823737373737373559e+02 9.979509076252794244e-07 1.013490099771503500e-05 6.412452106318005947e-07
5.024747474747474030e+02 1.016013716323651379e-06 1.052571996577485237e-05 6.732333332047391603e-07
5.225757575757575069e+02 1.045776647381308714e-06 1.213707473446039656e-05 6.884614479344217269e-07
5.426767676767676676e+02 1.037098819636804710e-06 1.394441737444332644e-05 7.538605826149766732e-07
5.627777777777778283e+02 1.101651370245486627e-06 1.723818938718760691e-05 7.349550760176762444e-07
5.828787878787878753e+02 1.172077942074697503e-06 1.790961719956089319e-05 7.643247196605953010e-07
6.029797979797979224e+02 1.204953208515754964e-06 1.945012529312804733e-05 8.308261146644026062e-07
6.230808080808080831e+02 1.126205417907209737e-06 1.926193052174437535e-05 8.536620202374095222e-07
6.431818181818182438e+02 1.291378079786059949e-06 1.941754978468062504e-05 9.792303926993182432e-07
6.632828282828281772e+02 1.224210440801379390e-06 1.982995694394882181e-05 1.071112475431467405e-06
6.833838383838383379e+02 1.280155745469532511e-06 1.997907681409346990e-05 1.106826391162926208e-06
7.034848484848484986e+02 1.280751461233736925e-06 1.929191507807803858e-05 1.143260338109252470e-06
7.235858585858585457e+02 1.352022983078214785e-06 1.986805696417841366e-05 1.281191969866999521e-06
7.436868686868685927e+02 1.338023798478624728e-06 1.893859601097314341e-05 1.341484989920629375e-06
7.637878787878787534e+02 1.398237931596700054e-06 1.911552172209288140e-05 1.391405925400940853e-06
7.838888888888889142e+02 1.450490244923877575e-06 1.945528885807790154e-05 1.478129495680656019e-06
8.039898989898989612e+02 1.481797758579703699e-06 1.957696171885699000e-05 1.538117705597529544e-06
8.240909090909090082e+02 1.503823065826575649e-06 1.976842311867926507e-05 1.633657364906085595e-06
8.441919191919191690e+02 1.636864075735451993e-06 1.997608775690393673e-05 1.692956477925561920e-06
8.642929292929293297e+02 1.647637710992278670e-06 2.046045861514459650e-05 1.848835667344548104e-06
8.843939393939393767e+02 1.697014891942858136e-06 2.012618937197202556e-05 2.030002784102739995e-06
9.044949494949494238e+02 1.759204262252801673e-06 2.114882441978885324e-05 2.069570989615858766e-06
9.245959595959595845e+02 1.875932045455167551e-06 1.982082845637792823e-05 2.302410669139648019e-06
9.446969696969697452e+02 1.864093316380135016e-06 2.047980206885585932e-05 2.575965227429978224e-06
9.647979797979796786e+02 1.926836842611671654e-06 2.080278552984586026e-05 2.799351613354858482e-06
9.848989898989898393e+02 2.101364477158463882e-06 2.059664334549084742e-05 3.068748707664070570e-06
1.005000000000000000e+03 2.100846980734934938e-06 2.067058220654614394e-05 3.398592401345111526e-06
1.025101010101009933e+03 2.148984386360132990e-06 2.198345202279365919e-05 3.465957337049532445e-06
1.045202020202020094e+03 2.163319580440842516e-06 2.162313460678432295e-05 3.794617302456570592e-06
1.065303030303030255e+03 2.154334102629072417e-06 2.294189764904164516e-05 4.059347156032465710e-06
1.085404040404040416e+03 2.293461415530835596e-06 2.219148947651871238e-05 4.150204868200376618e-06
1.105505050505050349e+03 2.316814064099626510e-06 2.271445366727807723e-05 4.283573293407653614e-06
1.125606060606060510e+03 2.445331479882573244e-06 2.370435770205464769e-05 4.499819692157173273e-06
1.145707070707070670e+03 2.550420111505204300e-06 2.331718629346733377e-05 4.714700534371756378e-06
1.165808080808080831e+03 2.539893189701491288e-06 2.436430164524314902e-05 4.770952969403265298e-06
1.185909090909090992e+03 2.707146004605000378e-06 2.404663540514342119e-05 5.100589257954591963e-06
1.206010101010100925e+03 2.698481604917134084e-06 2.566235933541611734e-05 5.416796966675279829e-06
1.226111111111111086e+03 2.762781082329976324e-06 2.589748561442288663e-05 5.971810823875020740e-06
1.246212121212121247e+03 2.802947560250065757e-06 2.736638301433487008e-05 6.161350384810511860e-06
1.266313131313131180e+03 2.961818311189700012e-06 2.674716594524539554e-05 6.881121099191811088e-06
1.286414141414141341e+03 2.978531347200500579e-06 2.851653526013401592e-05 7.204703818687634800e-06
1.306515151515151501e+03 2.952440209005664907e-06 3.027449990618402963e-05 7.669968173438920510e-06
1.326616161616161662e+03 3.031996114516012925e-06 3.114397976223990891e-05 7.958402425170446444e-06
1.346717171717171595e+03 3.161151553489535733e-06 3.217009501120937501e-05 8.689028111792278364e-06
1.366818181818181756e+03 3.170196985609679195e-06 3.334005546002936676e-05 9.045617892278882581e-06
1.386919191919191917e+03 3.116739084367796589e-06 3.584021406526283942e-05 9.784491939501904041e-06
1.407020202020201850e+03 3.197981872612510291e-06 3.614294269494295442e-05 1.014655779634553458e-05
1.427121212121212011e+03 3.228845462134774655e-06 3.756019896591341272e-05 1.091908107123009209e-05
1.447222222222222172e+03 3.296799897613734111e-06 3.906087592963123869e-05 1.164658729239218099e-05
1.467323232323232332e+03 3.294744177475229991e-06 3.951684179489695092e-05 1.303768129627947898e-05
1.487424242424242493e+03 3.434783245554932598e-06 4.086978914466322851e-05 1.391180882793403285e-05
1.507525252525252426e+03 3.496637207790208136e-06 4.324798370101970370e-05 1.455697524835582470e-05
1.527626262626262587e+03 3.335672855021822524e-06 4.540046230539210092e-05 1.555928366376490291e-05
1.547727272727272748e+03 3.396925312734262322e-06 4.800823001570060368e-05 1.721171858318038081e-05
1.567828282828282681e+03 3.539154250566489059e-06 5.090732865361592436e-05 1.832499482982490895e-05
1.587929292929292842e+03 3.599923904319927241e-06 5.367586286005652764e-05 1.994302476144396875e-05
1.608030303030303003e+03 3.724454138757460858e-06 5.630735113973025645e-05 2.155191469245233910e-05
1.628131313131313163e+03 3.690388093997991759e-06 5.935446162568100079e-05 2.312568024625050243e-05
1.648232323232323097e+03 3.707120856983961646e-06 6.313893469969057595e-05 2.573797995174045895e-05
1.668333333333333258e+03 3.670986924824672214e-06 6.709720385036011989e-05 2.799286444615892380e-05
1.688434343434343418e+03 3.851440085882293784e-06 7.222581843710983943e-05 2.988392258282842305e-05
1.708535353535353352e+03 3.767602855552070262e-06 7.314582102308433563e-05 3.298188877960410068e-05
1.728636363636363512e+03 3.845388794374643802e-06 7.837790806114443775e-05 3.620880386220823999e-05
1.748737373737373673e+03 3.791296007392802678e-06 7.804241172608732873e-05 4.008452602767412150e-05
1.768838383838383834e+03 3.922416529799413657e-06 8.525580198740314621e-05 4.304249886365954113e-05
1.788939393939393995e+03 3.867934701822180412e-06 8.625825463092771158e-05 4.821594206193963172e-05
1.809040404040403928e+03 3.962701203397788276e-06 9.100148876164527013e-05 5.316797429592863132e-05
1.829141414141414089e+03 3.955581043795563658e-06 9.735729823419506720e-05 5.916304029189569730e-05
1.849242424242424249e+03 4.187894510237767180e-06 1.036093348283247378e-04 6.344541218431128636e-05
1.869343434343434183e+03 4.212917282842974543e-06 1.133944330632689939e-04 7.110599084613017872e-05
1.889444444444444343e+03 4.229087415352461917e-06 1.197883235822948418e-04 7.962341884296098536e-05
1.909545454545454504e+03 4.364647677562671011e-06 1.298987648189293888e-04 8.661037163682008550e-05
1.929646464646464665e+03 4.543119217722333079e-06 1.400350554579456327e-04 9.442484228071894227e-05
1.949747474747474598e+03 4.626093192289594139e-06 1.515516405594695480e-04 1.062596433253981210e-04
1.969848484848484759e+03 4.692214905355884187e-06 1.575346394304313468e-04 1.192915900112211883e-04
1.989949494949494920e+03 4.844572751879499829e-06 1.729946188093310785e-04 1.316251098250819588e-04
