2.005050505050505194e+01 3.457268865852836129e-07 3.410083791817658097e-07 4.085604257455948293e-07
4.015151515151514872e+01 3.512227143250305658e-07 3.522039597532038836e-07 4.054777101695352919e-07
6.025252525252524549e+01 3.580463995882608021e-07 3.697204197250808385e-07 3.979041474763625329e-07
8.035353535353534937e+01 3.719094607739082749e-07 4.010264929463966536e-07 3.930988879516316484e-07
1.004545454545454533e+02 3.944310292181472402e-07 4.513224831020413194e-07 3.913025424272474681e-07
1.205555555555555429e+02 4.214939028288379557e-07 5.204402116349962398e-07 3.877033563555658580e-07
1.406565656565656468e+02 4.532767710881522337e-07 6.168626641652665653e-07 3.835003710914675762e-07
1.607575757575757507e+02 4.921043655082363626e-07 7.564210003019127387e-07 3.803401020262996079e-07
1.808585858585858546e+02 5.357393697027166307e-07 9.606683513758613803e-07 3.773608419226454267e-07
2.009595959595959584e+02 5.820738455174933978e-07 1.258935731371565450e-06 3.755611432119888677e-07
2.210606060606060623e+02 6.318859389636797184e-07 1.710431642289113704e-06 3.773138888429602047e-07
2.411616161616161662e+02 6.820378217458371484e-07 2.419413364649230701e-06 3.819388955547072718e-07
2.612626262626262132e+02 7.283579879268502867e-07 3.501950499644807006e-06 3.900709641117005652e-07
2.813636363636363740e+02 7.703500064696506339e-07 5.079478991578609846e-06 4.029751327470722029e-07
3.014646464646464210e+02 8.056249065868408296e-07 7.120039479001712884e-06 4.195345771832039936e-07
3.215656565656565817e+02 8.328148148490093367e-07 8.970951308988583307e-06 4.397265108019284164e-07
3.416666666666666288e+02 8.523315453285693237e-07 9.889491878429429087e-06 4.621834282002801670e-07
3.617676767676767895e+02 8.673274895016161094e-07 9.818900452870078671e-06 4.860077043157248392e-07
3.818686868686868365e+02 8.788621520037000457e-07 9.242744199897936626e-06 5.099923303868734157e-07
4.019696969696969973e+02 8.894885585759062933e-07 8.702722037248981015e-06 5.325360365588103428e-07
4.220707070707070443e+02 9.010758280849524543e-07 8.403857323978680929e-06 5.519574197283771657e-07
4.421717171717172050e+02 9.145462234186805017e-07 8.402118058469464261e-06 5.690388635569013163e-07
4.622727272727272521e+02 9.319162398918468781e-07 8.733684353117261771e-06 5.848968078665649589e-07
4.823737373737373559e+02 9.524463320436865887e-07 9.415707001424227768e-06 5.999804437917262176e-07
5.024747474747474030e+02 9.777366621536570510e-07 1.050489001331594168e-05 6.181508710516125194e-07
5.225757575757575069e+02 1.006473990213137107e-06 1.197717661083089351e-05 6.407488495634316231e-07
5.426767676767676676e+02 1.036829270592674300e-06 1.373660879413150635e-05 6.685151677590921848e-07
5.627777777777778283e+02 1.069062321052505317e-06 1.562361689766639258e-05 7.037824451293870303e-07
5.828787878787878753e+02 1.102645900289724331e-06 1.737218541123762493e-05 7.483646927318919859e-07
6.029797979797979224e+02 1.135912782184079521e-06 1.867195253090587768e-05 8.015063156943598197e-07
6.230808080808080831e+02 1.167091527432525394e-06 1.932135929291866941e-05 8.626959831078329612e-07
6.431818181818182438e+02 1.197115120909302728e-06 1.942881449553475644e-05 9.324685423948442922e-07
6.632828282828281772e+02 1.226209711325041883e-06 1.916479526887421685e-05 1.007628902353752846e-06
6.833838383838383379e+02 1.254452447056331710e-06 1.879970594000513612e-05 1.083964842683859953e-06
7.034848484848484986e+02 1.282850410443503838e-06 1.848750071919831348e-05 1.159029625626188627e-06
7.235858585858585457e+02 1.312125817075362061e-06 1.834650845459284512e-05 1.229393730286022648e-06
7.436868686868685927e+02 1.342918182114944045e-06 1.838059787922280807e-05 1.292276189933939607e-06
7.637878787878787534e+02 1.377065613750509099e-06 1.857923199090230791e-05 1.352884896922612057e-06
7.838888888888889142e+02 1.414679651841027660e-06 1.891280527645987163e-05 1.412694084842734226e-06
8.039898989898989612e+02 1.457421572508611225e-06 1.929053162900409759e-05 1.478546789558495105e-06
8.240909090909090082e+02 1.505194951737109042e-06 1.964653419073885540e-05 1.555472891305290152e-06
8.441919191919191690e+02 1.556703599470784607e-06 1.990961225903842272e-05 1.647276726662311949e-06
8.642929292929293297e+02 1.611933149745470147e-06 2.004572757914400277e-05 1.760809335926695151e-06
8.843939393939393767e+02 1.671074582324151137e-06 2.008339119966613361e-05 1.901429980664125533e-06
9.044949494949494238e+02 1.732863008069218923e-06 2.003743295305086369e-05 2.074452574311434868e-06
9.245959595959595845e+02 1.796127675657110545e-06 1.998020278118649756e-05 2.278472283233375593e-06
9.446969696969697452e+02 1.856465187935630646e-06 1.996441246907370122e-05 2.504252880659140353e-06
9.647979797979796786e+02 1.914534344703055677e-06 2.002761607045476559e-05 2.745971234915172613e-06
9.848989898989898393e+02 1.970997674001811049e-06 2.019517047214027864e-05 2.998600662917796664e-06
1.005000000000000000e+03 2.026502839986125309e-06 2.045316452488597588e-05 3.243187425892041468e-06
1.025101010101009933e+03 2.079482508773272711e-06 2.079974129576268760e-05 3.467604245890203776e-06
1.045202020202020094e+03 2.131638637723783645e-06 2.119759766143352079e-05 3.667713616039829500e-06
1.065303030303030255e+03 2.183663315737633098e-06 2.159284286025896614e-05 3.848323794920046112e-06
1.085404040404040416e+03 2.237549937881661724e-06 2.198072782028787008e-05 4.020182154707368565e-06
1.105505050505050349e+03 2.295424648722114774e-06 2.233895270330183000e-05 4.195667687887856239e-06
1.125606060606060510e+03 2.356083729847491549e-06 2.268223625046269880e-05 4.386600389846724727e-06
1.145707070707070670e+03 2.417710169230942785e-06 2.299827770616209152e-05 4.596307397039336193e-06
1.165808080808080831e+03 2.481818587493483388e-06 2.335433679036689656e-05 4.835089926456104130e-06
1.185909090909090992e+03 2.546753524338323047e-06 2.379712194416523787e-05 5.110164580348227584e-06
1.206010101010100925e+03 2.613965280239270851e-06 2.437343498784760664e-05 5.427841991456654421e-06
1.226111111111111086e+03 2.680551296794164692e-06 2.510599079018696272e-05 5.780985247409383474e-06
1.246212121212121247e+03 2.745261196305205933e-06 2.600576116318903313e-05 6.169451785073434244e-06
1.266313131313131180e+03 2.808042964245349494e-06 2.707806221638179686e-05 6.589341449460175706e-06
1.286414141414141341e+03 2.867127048079304211e-06 2.828287533709371369e-05 7.036660978526461907e-06
1.306515151515151501e+03 2.923708884635254482e-06 2.961697053239170592e-05 7.516375452310602789e-06
1.326616161616161662e+03 2.976122735258714956e-06 3.099454201073908115e-05 8.018846291906663737e-06
1.346717171717171595e+03 3.022760322553576212e-06 3.229001552108778299e-05 8.524469358889968511e-06
1.366818181818181756e+03 3.067741689185506785e-06 3.350990553704832751e-05 9.060753400394940202e-06
1.386919191919191917e+03 3.110338648935841926e-06 3.460322647892597966e-05 9.636608940593213612e-06
1.407020202020201850e+03 3.150716548799303551e-06 3.559032881831081252e-05 1.025726158316252372e-05
1.427121212121212011e+03 3.192556783413635595e-06 3.653958574139694484e-05 1.093356218059738803e-05
1.447222222222222172e+03 3.233955729910534690e-06 3.749987918806929258e-05 1.168263947513666274e-05
1.467323232323232332e+03 3.275754681470008286e-06 3.858433944209455150e-05 1.249836469948841911e-05
1.487424242424242493e+03 3.318811952911212677e-06 3.989272295372922063e-05 1.340387930091453595e-05
1.507525252525252426e+03 3.363198054487993655e-06 4.156639960290750758e-05 1.443252114934024027e-05
1.527626262626262587e+03 3.407484950324374893e-06 4.363901157512030437e-05 1.557532713760672997e-05
1.547727272727272748e+03 3.450607117544714531e-06 4.608644287374756137e-05 1.681287383741904442e-05
1.567828282828282681e+03 3.491051784904100021e-06 4.894092496011967562e-05 1.817354684243593062e-05
1.587929292929292842e+03 3.529688362291043258e-06 5.210618808885195347e-05 1.967803743363053307e-05
1.608030303030303003e+03 3.564578097689186444e-06 5.552322993328638335e-05 2.132629720829895889e-05
1.628131313131313163e+03 3.596728352652468365e-06 5.902087215466115470e-05 2.316500579225663401e-05
1.648232323232323097e+03 3.626628830367988284e-06 6.248545709408118176e-05 2.519041817066240167e-05
1.668333333333333258e+03 3.654485220831356142e-06 6.577441870759436404e-05 2.740519134539975979e-05
1.688434343434343418e+03 3.682020616893583227e-06 6.884644409707394569e-05 2.984127305294309425e-05
1.708535353535353352e+03 3.712055428429111225e-06 7.181370124434913996e-05 3.262321562002225999e-05
1.728636363636363512e+03 3.744312032676583139e-06 7.473337490013269796e-05 3.572953759778780224e-05
1.748737373737373673e+03 3.781106532106708444e-06 7.766218857180661004e-05 3.910230440945303409e-05
1.768838383838383834e+03 3.824295475475317365e-06 8.094166015321701342e-05 4.286917356909098365e-05
1.788939393939393995e+03 3.873825130949374402e-06 8.476456454012083134e-05 4.706478058209423036e-05
1.809040404040403928e+03 3.929466718324581331e-06 8.928110312593174551e-05 5.173257150384224856e-05
1.829141414141414089e+03 3.994216636999209630e-06 9.469626430430569852e-05 5.696731332563534670e-05
1.849242424242424249e+03 4.065518872125677808e-06 1.011280370189234743e-04 6.287836101627801921e-05
1.869343434343434183e+03 4.144560097272451196e-06 1.085206385522496486e-04 6.947395669034095141e-05
1.889444444444444343e+03 4.229422089094276975e-06 1.168320848603527490e-04 7.684343643274898572e-05
1.909545454545454504e+03 4.321346669825282220e-06 1.261413931790449018e-04 8.537441051327867029e-05
1.929646464646464665e+03 4.417426541177868319e-06 1.359345658112056580e-04 9.491471775143858519e-05
1.949747474747474598e+03 4.515511986656047635e-06 1.458814371690946748e-04 1.054062291034276762e-04
1.969848484848484759e+03 4.618016593847264218e-06 1.559994735489714202e-04 1.171713847836198771e-04
1.989949494949494920e+03 4.725100680105291076e-06 1.663299656712802980e-04 1.304403361333651516e-04
