2.005050505050505194e+01 4.598391655395485082e-07 4.493026613422089317e-07 5.801173394900613587e-07
4.015151515151514872e+01 4.166900392282165537e-07 5.983390750589851801e-07 4.434791469233473042e-07
6.025252525252524549e+01 5.291275772815222254e-07 4.827715813782532486e-07 5.399728313175154185e-07
8.035353535353534937e+01 4.583414903157283731e-07 4.935820872700952523e-07 6.009149894086944469e-07
1.004545454545454533e+02 5.620585708861423039e-07 6.356695470816273723e-07 5.106288429983971478e-07
1.205555555555555429e+02 4.427201912785162794e-07 6.070250460114042191e-07 5.502426353828323284e-07
1.406565656565656468e+02 4.706447727703442619e-07 6.687162170813667364e-07 5.150987066682102279e-07
1.607575757575757507e+02 5.550145855957948759e-07 8.283371249930395775e-07 4.432182756374915118e-07
1.808585858585858546e+02 5.854340164934336220e-07 1.102584632027165602e-06 4.917850326649487261e-07
2.009595959595959584e+02 6.576452068190366454e-07 1.400341682019623177e-06 4.638696195690084956e-07
2.210606060606060623e+02 6.803282481330147208e-07 1.932170767296505418e-06 4.514540055341118769e-07
2.411616161616161662e+02 7.793965753975280944e-07 2.506380802758798238e-06 4.707452756374611830e-07
2.612626262626262132e+02 7.574052485568429779e-07 3.162152827977343104e-06 4.271388122011317093e-07
2.813636363636363740e+02 9.000689348586924980e-07 5.100851363440210235e-06 4.688175988769519581e-07
3.014646464646464210e+02 8.558184013837522667e-07 6.564284937974017456e-06 4.623776739762367767e-07
3.215656565656565817e+02 8.983374108950203392e-07 9.282968382478233712e-06 4.725544479431533108e-07
3.416666666666666288e+02 9.465938301406978151e-07 9.690896846291164647e-06 4.861986001051156272e-07
3.617676767676767895e+02 9.258365034934266070e-07 1.011735605409239344e-05 5.325182883162620286e-07
3.818686868686868365e+02 9.355599583228544438e-07 9.662320170522315153e-06 5.588014001851855929e-07
4.019696969696969973e+02 9.445295431212290871e-07 8.817114173002907329e-06 5.720052746723811663e-07
4.220707070707070443e+02 9.628995068647137354e-07 8.396534770185245806e-06 5.880097919187233463e-07
4.421717171717172050e+02 9.339794268857731490e-07 8.388177951303307000e-06 6.263751020348956878e-07
4.622727272727272521e+02 9.529026406748306832e-07 8.509170687079653137e-06 6.092515508980700081e-07
4.823737373737373559e+02 9.859311952486254867e-07 9.207930730202994676e-06 6.399173611238248725e-07
5.024747474747474030e+02 1.008831683365215439e-06 1.041397416078135742e-05 6.525417461897527702e-07
5.225757575757575069e+02 1.020188729622730868e-06 1.193212056217067324e-05 6.666641127592460845e-07
5.426767676767676676e+02 1.066651618541871043e-06 1.346104960323801118e-05 7.104857465173650559e-07
5.627777777777778283e+02 1.129711482726720068e-06 1.628769952026732856e-05 7.087020325357558028e-07
5.828787878787878753e+02 1.146821858808759193e-06 1.725528896358098887e-05 7.794285003157001349e-07
6.029797979797979224e+02 1.142522943309002249e-06 1.879848893922742527e-05 8.354111917117696406e-07
6.230808080808080831e+02 1.218454222945847835e-06 1.912330557927888766e-05 9.145253550240476449e-07
6.431818181818182438e+02 1.242521542779539211e-06 1.869800123296878777e-05 8.871082384036643191e-07
6.632828282828281772e+02 1.276521594631641532e-06 1.953770825510141030e-05 1.002156069998113664e-06
6.833838383838383379e+02 1.256673562897644006e-06 1.904247758056902296e-05 1.094262689731706572e-06
7.034848484848484986e+02 1.308959710915098235e-06 1.868508530955703090e-05 1.148476560378983068e-06
7.235858585858585457e+02 1.319346370189749865e-06 1.867588376492487884e-05 1.253628613279458703e-06
7.436868686868685927e+02 1.307581455545511609e-06 1.903236724305081600e-05 1.346495959066614482e-06
7.637878787878787534e+02 1.430737864426978978e-06 1.864513258268781472e-05 1.348463922023314243e-06
7.838888888888889142e+02 1.435208412535309002e-06 1.891288395744201477e-05 1.451873711186320625e-06
8.039898989898989612e+02 1.523505565111240275e-06 1.881154256804630777e-05 1.531436439692337209e-06
8.240909090909090082e+02 1.515707208773181251e-06 1.936618910741747348e-05 1.613139418811990675e-06
8.441919191919191690e+02 1.548197643562596616e-06 2.057957729290325357e-05 1.716009008284494888e-06
8.642929292929293297e+02 1.696375313164479920e-06 2.036943788043747678e-05 1.818325458953300899e-06
8.843939393939393767e+02 1.707704601183882845e-06 2.023901599579008121e-05 1.942623125813379237e-06
9.044949494949494238e+02 1.738854844510499430e-06 2.006390329518783217e-05 2.135623764437164878e-06
9.245959595959595845e+02 1.860437255919330118e-06 2.023768605043434687e-05 2.274766139330942870e-06
9.446969696969697452e+02 1.920582856375303722e-06 1.982476263020264637e-05 2.548760415829131049e-06
9.647979797979796786e+02 1.963807103993826914e-06 1.972246048762607337e-05 2.742727955872648801e-06
9.848989898989898393e+02 2.001571116898142354e-06 2.002583278309888156e-05 3.043579316160649011e-06
1.005000000000000000e+03 2.045860972991433492e-06 1.995962342215513993e-05 3.170341257695595744e-06
1.025101010101009933e+03 2.064562038178840671e-06 1.994558131227737371e-05 3.528721501643471608e-06
1.045202020202020094e+03 2.151770316179165030e-06 2.124641263062476373e-05 3.777872691995420845e-06
1.065303030303030255e+03 2.233037036437398217e-06 2.177375234246391479e-05 4.018027317376209044e-06
1.085404040404040416e+03 2.185015137231650808e-06 2.138569872420091717e-05 4.044497636683211150e-06
1.105505050505050349e+03 2.329124081311660553e-06 2.254922427691293931e-05 4.314451189310988798e-06
1.125606060606060510e+03 2.348814182002647669e-06 2.302248079306192606e-05 4.331546847985661909e-06
1.145707070707070670e+03 2.500441316936708509e-06 2.313966291171508423e-05 4.885183070077323983e-06
1.165808080808080831e+03 2.469491163222145034e-06 2.355935842013179288e-05 5.067694755501562429e-06
1.185909090909090992e+03 2.560082550128538386e-06 2.352668697117709241e-05 5.127271470011332531e-06
1.206010101010100925e+03 2.633172801342083106e-06 2.401662461102401018e-05 5.568276175934616350e-06
1.226111111111111086e+03 2.700532727806784107e-06 2.508084750508590642e-05 5.832110960555465974e-06
1.246212121212121247e+03 2.755211691823208934e-06 2.680522106387329720e-05 6.339633539359807788e-06
1.266313131313131180e+03 2.898380105782747594e-06 2.759708773052592845e-05 6.689011444261762235e-06
1.286414141414141341e+03 2.829710050050457350e-06 2.790374525263984658e-05 7.035673508819981542e-06
1.306515151515151501e+03 2.909699106220819585e-06 2.982257708601612648e-05 7.405408212296526755e-06
1.326616161616161662e+03 2.968985750696480518e-06 3.080035195556526088e-05 7.853435334145497933e-06
1.346717171717171595e+03 3.047348387200338438e-06 3.252774741090281018e-05 8.442857310785806469e-06
1.366818181818181756e+03 3.000669016698603307e-06 3.344093175407176409e-05 9.215618932820299715e-06
1.386919191919191917e+03 3.230517529307391415e-06 3.459798608367422912e-05 9.266757868663119224e-06
1.407020202020201850e+03 3.207865320306940820e-06 3.624086026797587230e-05 1.023889079916451381e-05
1.427121212121212011e+03 3.271111909852026852e-06 3.659074077248941083e-05 1.080779334062045510e-05
1.447222222222222172e+03 3.345335536445904954e-06 3.737447344235879490e-05 1.167339178300640384e-05
1.467323232323232332e+03 3.307917917265794497e-06 4.069586809831015082e-05 1.310485785827159000e-05
1.487424242424242493e+03 3.398714016348300141e-06 3.929716800514115074e-05 1.392643664087373154e-05
1.507525252525252426e+03 3.363453023958823951e-06 4.208544648691451239e-05 1.434084841981517982e-05
1.527626262626262587e+03 3.384592237248155947e-06 4.291002931388323758e-05 1.569872557979567636e-05
1.547727272727272748e+03 3.469579908468031609e-06 4.546017821108401421e-05 1.710709045049916917e-05
1.567828282828282681e+03 3.659893280513737419e-06 4.957504533528977455e-05 1.858911910826935722e-05
1.587929292929292842e+03 3.512160080565131962e-06 5.426841453899636692e-05 1.961098887158617212e-05
1.608030303030303003e+03 3.651007177440641737e-06 5.592430480586060029e-05 2.078522774769717463e-05
1.628131313131313163e+03 3.649276068230872331e-06 5.889949580565809873e-05 2.318261837843217584e-05
1.648232323232323097e+03 3.760330870028502429e-06 6.313425278288791972e-05 2.589017016627984474e-05
1.668333333333333258e+03 3.749062907581037542e-06 6.535599866858614142e-05 2.841195211032451035e-05
1.688434343434343418e+03 3.716947776214826640e-06 7.002923822538808206e-05 3.016850142663117333e-05
1.708535353535353352e+03 3.747676985601611478e-06 7.261605557816003210e-05 3.256392349191786505e-05
1.728636363636363512e+03 3.909215700355969382e-06 7.472867653160640490e-05 3.575970033458262458e-05
1.748737373737373673e+03 3.774081123743964523e-06 7.729507021211140473e-05 3.858357331167161459e-05
1.768838383838383834e+03 3.940235558566837424e-06 8.131556742699776641e-05 4.327474559324029791e-05
1.788939393939393995e+03 4.017584721393713864e-06 8.667923341526311205e-05 4.832905710760293906e-05
1.809040404040403928e+03 3.951197205989735437e-06 9.046719879944317493e-05 5.184190312627398855e-05
1.829141414141414089e+03 4.174362247303197306e-06 9.456016783053050872e-05 5.744892661611359453e-05
1.849242424242424249e+03 4.297230564746318646e-06 1.027745271241393163e-04 6.403042214467618480e-05
1.869343434343434183e+03 4.252619727611380588e-06 1.070540911878791016e-04 7.141984311481147500e-05
1.889444444444444343e+03 4.381431481313537132e-06 1.171607574666142627e-04 7.642587378924537366e-05
1.909545454545454504e+03 4.406384051746712614e-06 1.271087898265020697e-04 8.473212841447789144e-05
1.929646464646464665e+03 4.570625006243090186e-06 1.369809591808680393e-04 9.617693158224147835e-05
1.949747474747474598e+03 4.544132856284228686e-06 1.482409147029705972e-04 1.077195832225317417e-04
1.969848484848484759e+03 4.783903355031312740e-06 1.577290970220185189e-04 1.224397973116772499e-04
1.989949494949494920e+03 4.769995695916694014e-06 1.652087682359298622e-04 1.328444636499731687e-04
