2.005050505050505194e+01 4.392912213755128867e-07 5.591130646366333835e-07 4.690564362163143558e-07
4.015151515151514872e+01 4.901399727339440147e-07 3.713207242669540253e-07 4.153717318255495173e-07
6.025252525252524549e+01 4.706174993441251822e-07 5.531147561834145044e-07 5.320791915375507863e-07
8.035353535353534937e+01 4.583129038595793859e-07 5.597561523172593620e-07 5.027230658396470238e-07
1.004545454545454533e+02 4.711092695349940925e-07 5.305249750536060777e-07 4.669164530942239970e-07
1.205555555555555429e+02 4.941276062343048140e-07 6.467941582757157677e-07 5.104743681159810521e-07
1.406565656565656468e+02 5.461833766735381552e-07 7.617060011378573735e-07 4.682037876978715535e-07
1.607575757575757507e+02 5.564756030803560060e-07 8.533732601670552702e-07 4.580123535939600651e-07
1.808585858585858546e+02 5.942274001604041509e-07 1.062336910823461751e-06 4.569009578821594026e-07
2.009595959595959584e+02 6.869953188921153301e-07 1.446676971135072167e-06 4.690984217701655292e-07
2.210606060606060623e+02 6.510116050372714113e-07 1.845274505056149697e-06 4.624190625523157937e-07
2.411616161616161662e+02 7.630939862185513808e-07 2.634122825535644587e-06 4.657233088222446865e-07
2.612626262626262132e+02 8.608675589249835243e-07 3.696736903138481247e-06 4.594321827064644474e-07
2.813636363636363740e+02 8.514299360643279975e-07 5.158509095024026400e-06 4.441665815323874430e-07
3.014646464646464210e+02 8.705379577009175527e-07 6.954443913129306582e-06 4.420677942431794853e-07
3.215656565656565817e+02 7.949066615170677951e-07 8.650734716573225491e-06 4.721765545917810280e-07
3.416666666666666288e+02 8.450256564337116355e-07 9.288916989052847890e-06 5.566979558388464750e-07
3.617676767676767895e+02 9.479488272218489881e-07 1.009500494857192815e-05 5.389890448953012361e-07
3.818686868686868365e+02 8.858315712884130440e-07 9.195469661059186685e-06 5.754609775205169295e-07
4.019696969696969973e+02 9.315143913791304662e-07 8.673316793908424061e-06 5.452850407720646435e-07
4.220707070707070443e+02 9.752144746374621587e-07 8.781691951163945185e-06 5.629248980892215211e-07
4.421717171717172050e+02 9.751712381393240628e-07 8.533709974789162068e-06 6.025947441594816412e-07
4.622727272727272521e+02 9.404929803022788313e-07 8.906776463462752588e-06 6.211450678109825625e-07
4.823737373737373559e+02 1.006134304556110501e-06 9.436821555195722589e-06 6.005141345191880339e-07
5.024747474747474030e+02 1.015679671096324293e-06 1.104379930084582978e-05 6.648295915421301535e-07
5.225757575757575069e+02 1.047823617893978862e-06 1.271732290226907489e-05 6.470820176907627858e-07
5.426767676767676676e+02 1.062388946269645435e-06 1.372663938593679646e-05 7.198101410113124626e-07
5.627777777777778283e+02 1.105706771770706973e-06 1.523997769643911731e-05 7.284450605401005681e-07
5.828787878787878753e+02 1.094951526428757514e-06 1.757026830118816100e-05 7.875900524369127268e-07
6.029797979797979224e+02 1.169000134498680068e-06 1.827815999062941800e-05 8.102335632992338479e-07
6.230808080808080831e+02 1.188939633153383740e-06 1.895106917061292775e-05 8.863867779915866303e-07
6.431818181818182438e+02 1.248785426108365033e-06 1.963349093051213398e-05 1.015652857793864537e-06
6.632828282828281772e+02 1.231446761101930551e-06 1.963925770013344880e-05 1.030370204767180220e-06
6.833838383838383379e+02 1.308246990066600101e-06 1.815371033997187529e-05 1.062782638150901175e-06
7.034848484848484986e+02 1.317353906425015677e-06 1.805379750946704297e-05 1.148661454689265699e-06
7.235858585858585457e+02 1.284343208349565165e-06 1.827650491599758838e-05 1.232176423294151839e-06
7.436868686868685927e+02 1.349918107812733323e-06 1.838574401409783632e-05 1.368357758174327400e-06
7.637878787878787534e+02 1.371602095646786738e-06 1.898946314470548291e-05 1.419995964690379002e-06
7.838888888888889142e+02 1.414796963331771461e-06 1.912951974473393459e-05 1.423452481591589732e-06
8.039898989898989612e+02 1.515416848058960747e-06 1.923892438146534886e-05 1.549382712283550114e-06
8.240909090909090082e+02 1.558837332138427111e-06 2.057588099165645645e-05 1.642730221530787692e-06
8.441919191919191690e+02 1.602697796126871953e-06 1.927727488741250687e-05 1.771624597947573301e-06
8.642929292929293297e+02 1.593918683101117319e-06 2.048571396405110621e-05 1.807901133901717252e-06
8.843939393939393767e+02 1.666571101317879127e-06 2.010908665499363949e-05 2.023105727377212014e-06
9.044949494949494238e+02 1.733101711458463717e-06 2.067594190245621223e-05 2.125305281345405000e-06
9.245959595959595845e+02 1.796170626796528413e-06 1.985236425738519598e-05 2.267203967967446056e-06
9.446969696969697452e+02 1.879247160853120696e-06 2.083390349541007765e-05 2.614663609639293621e-06
9.647979797979796786e+02 1.910925488457276153e-06 1.988090044028752068e-05 2.757843196318487436e-06
9.848989898989898393e+02 2.016236978938918185e-06 2.091971749475323415e-05 3.023780068982744007e-06
1.005000000000000000e+03 2.140958610272920701e-06 2.026211902941441409e-05 3.418480352982384844e-06
1.025101010101009933e+03 2.084856291898134962e-06 2.121412729270949195e-05 3.525533581415888636e-06
1.045202020202020094e+03 2.132960576751039849e-06 2.133527894774576303e-05 3.753715080960613096e-06
1.065303030303030255e+03 2.194682914857785599e-06 2.196461269178382833e-05 3.824231019124739713e-06
1.085404040404040416e+03 2.249630548174154934e-06 2.208903875991935121e-05 4.071668306477151797e-06
1.105505050505050349e+03 2.246849073982797775e-06 2.270416293501445053e-05 4.145744732307556840e-06
1.125606060606060510e+03 2.402737572324357517e-06 2.379233373209690820e-05 4.307465722930318954e-06
1.145707070707070670e+03 2.453046220797602657e-06 2.299425242386956414e-05 4.633273269718254806e-06
1.165808080808080831e+03 2.558258405151249933e-06 2.342700174457060109e-05 4.776808162245510289e-06
1.185909090909090992e+03 2.602514405084005889e-06 2.413706666333012218e-05 5.072819067615014293e-06
1.206010101010100925e+03 2.661205116175221427e-06 2.531363976990609225e-05 5.594842907971534185e-06
1.226111111111111086e+03 2.792020021439110145e-06 2.640902870303534451e-05 5.952693231511352410e-06
1.246212121212121247e+03 2.725629547397283790e-06 2.591214872863402131e-05 6.505272432094229184e-06
1.266313131313131180e+03 2.887989379550996029e-06 2.662987644393501085e-05 6.594454818352414337e-06
1.286414141414141341e+03 2.932417330031371611e-06 2.893535118609679441e-05 7.100537251267768880e-06
1.306515151515151501e+03 3.043324746870233948e-06 3.007607147852048819e-05 7.665308539525676973e-06
1.326616161616161662e+03 3.040825656688156741e-06 3.159473237098499299e-05 8.136451461139881505e-06
1.346717171717171595e+03 3.094697350615626630e-06 3.436333159382133975e-05 8.760233617757470938e-06
1.366818181818181756e+03 3.191142174871545364e-06 3.326929275321475289e-05 9.570942838612567336e-06
1.386919191919191917e+03 3.152713229203189578e-06 3.560431433220481647e-05 9.557302278827150505e-06
1.407020202020201850e+03 3.179975067437785508e-06 3.595521548423613747e-05 1.027714574744193379e-05
1.427121212121212011e+03 3.242121584744221993e-06 3.526984708502000466e-05 1.117448056875581527e-05
1.447222222222222172e+03 3.355076502035170463e-06 3.944534722444522691e-05 1.177664625130571134e-05
1.467323232323232332e+03 3.353875716190878647e-06 3.942868530484577849e-05 1.255304865681654508e-05
1.487424242424242493e+03 3.477474474759551914e-06 4.130060169378001303e-05 1.338887532105242582e-05
1.507525252525252426e+03 3.415421201085146381e-06 4.215294756411396427e-05 1.448663787445430304e-05
1.527626262626262587e+03 3.457100463862484091e-06 4.412122248192090697e-05 1.584061920113422517e-05
1.547727272727272748e+03 3.500505996405421657e-06 4.673581914958115921e-05 1.718740904597119068e-05
1.567828282828282681e+03 3.410137901344579698e-06 4.999542481370838556e-05 1.836480852119320886e-05
1.587929292929292842e+03 3.499834063195551890e-06 5.455343263519189031e-05 1.991908593733727722e-05
1.608030303030303003e+03 3.621653830292209854e-06 5.651433906454563378e-05 2.203158897651748285e-05
1.628131313131313163e+03 3.598173286296655496e-06 5.845714692331304709e-05 2.316110649714378322e-05
1.648232323232323097e+03 3.585659994236124165e-06 6.498315111401310545e-05 2.573071899718803979e-05
1.668333333333333258e+03 3.730972629545947110e-06 6.707280485752795335e-05 2.803474015739179694e-05
1.688434343434343418e+03 3.726487828683548092e-06 7.111110647806524699e-05 3.018762015540131318e-05
1.708535353535353352e+03 3.743073647015465141e-06 7.413402453995850388e-05 3.302134963268084735e-05
1.728636363636363512e+03 3.820300161298571204e-06 7.695373897988613354e-05 3.573842600920653766e-05
1.748737373737373673e+03 3.785564048378991596e-06 8.042200659351627062e-05 3.955664346179667517e-05
1.768838383838383834e+03 3.974623322370753658e-06 8.223032099726760235e-05 4.249089589347693235e-05
1.788939393939393995e+03 3.851158485665647340e-06 8.680658702903866898e-05 4.813498391679248617e-05
1.809040404040403928e+03 3.972266086751817203e-06 9.417808062679864560e-05 5.320159801561371427e-05
1.829141414141414089e+03 4.079115174741489073e-06 9.862282439887268639e-05 5.803879146461506729e-05
1.849242424242424249e+03 4.087738442548115186e-06 1.027899835496564679e-04 6.388685108194747553e-05
1.869343434343434183e+03 4.189935666837049709e-06 1.129621211808055908e-04 7.152724465402835418e-05
1.889444444444444343e+03 4.239811570616643251e-06 1.192512277884417147e-04 7.883411474856790444e-05
1.909545454545454504e+03 4.366765900550389121e-06 1.251929843181189461e-04 8.549281392349103827e-05
1.929646464646464665e+03 4.459454777891132867e-06 1.383247907341029505e-04 9.598168698723864975e-05
1.949747474747474598e+03 4.603170921143924560e-06 1.485019170103945869e-04 1.085344275417967128e-04
1.969848484848484759e+03 4.592515227755320391e-06 1.602484780265250083e-04 1.193615041504215215e-04
1.989949494949494920e+03 4.869915153152706456e-06 1.714501161319900583e-04 1.312285415430959276e-04
