2.005050505050505194e+01 3.511161586818200937e-07 3.370092598985421162e-07 4.035422871905243485e-07
4.015151515151514872e+01 3.577463611209511353e-07 3.489959307611453628e-07 4.012878311371304872e-07
6.025252525252524549e+01 3.650100404625847006e-07 3.662107718856160781e-07 3.933323724023927067e-07
8.035353535353534937e+01 3.796070049617746578e-07 3.971314044902472851e-07 3.892641223253822042e-07
1.004545454545454533e+02 4.032487699865806682e-07 4.466684156799606580e-07 3.880468532808770815e-07
1.205555555555555429e+02 4.310381777244988632e-07 5.169359513296599805e-07 3.847614831008441877e-07
1.406565656565656468e+02 4.640309401321987898e-07 6.140400058828372710e-07 3.818130516512333460e-07
1.607575757575757507e+02 5.034476455821341451e-07 7.539571936370304424e-07 3.780190737582265374e-07
1.808585858585858546e+02 5.484727190767950282e-07 9.570256573763455358e-07 3.755309675240650439e-07
2.009595959595959584e+02 5.959284739525469245e-07 1.253868412520761521e-06 3.738292240586618463e-07
2.210606060606060623e+02 6.466566905027036833e-07 1.702121353255797421e-06 3.753564959877603099e-07
2.411616161616161662e+02 6.980292020963388553e-07 2.408325332414600473e-06 3.798930269181035784e-07
2.612626262626262132e+02 7.454887652420688944e-07 3.490607206430484348e-06 3.881641256167896831e-07
2.813636363636363740e+02 7.880845580743707803e-07 5.054989764373738486e-06 4.009187961302397258e-07
3.014646464646464210e+02 8.238044342967640767e-07 7.067073764448361407e-06 4.182335294244505361e-07
3.215656565656565817e+02 8.505382912374592671e-07 8.877191633399632618e-06 4.386523559921561543e-07
3.416666666666666288e+02 8.697657521828936648e-07 9.760744630305938875e-06 4.615867036755137490e-07
3.617676767676767895e+02 8.842030841197034440e-07 9.688123459857271154e-06 4.862547120930509597e-07
3.818686868686868365e+02 8.948796954175304211e-07 9.139142053483302031e-06 5.097803549184211651e-07
4.019696969696969973e+02 9.050223118662266666e-07 8.619419465830803582e-06 5.322042645538780970e-07
4.220707070707070443e+02 9.163324351017226671e-07 8.335572707421689067e-06 5.523316476085510481e-07
4.421717171717172050e+02 9.295186063725626776e-07 8.352218087449672339e-06 5.693397272465467307e-07
4.622727272727272521e+02 9.474727748755776969e-07 8.701406845604123781e-06 5.859264551840849405e-07
4.823737373737373559e+02 9.684570686589145890e-07 9.380643336474150509e-06 6.021927436694594434e-07
5.024747474747474030e+02 9.944935331334764160e-07 1.044750916344568229e-05 6.210547488152921187e-07
5.225757575757575069e+02 1.024397549529162437e-06 1.188291870537501681e-05 6.439655574574804750e-07
5.426767676767676676e+02 1.056234900763920714e-06 1.359188354922865631e-05 6.723484312612869347e-07
5.627777777777778283e+02 1.089979469814827381e-06 1.545031619447016617e-05 7.074957800267963576e-07
5.828787878787878753e+02 1.124568305316332617e-06 1.718018688203832222e-05 7.515019937256883334e-07
6.029797979797979224e+02 1.158570117787243570e-06 1.846100051093927091e-05 8.045737489436853898e-07
6.230808080808080831e+02 1.190557697694802755e-06 1.912174822449641789e-05 8.650415878661615538e-07
6.431818181818182438e+02 1.220939217729709664e-06 1.924600548843145449e-05 9.330801435198030273e-07
6.632828282828281772e+02 1.249507659098724656e-06 1.903120346919627594e-05 1.005564053233786703e-06
6.833838383838383379e+02 1.276867789820045576e-06 1.869429838748252595e-05 1.079464429317839827e-06
7.034848484848484986e+02 1.304700490528153902e-06 1.840445619714734473e-05 1.154770349999524771e-06
7.235858585858585457e+02 1.333734674399499311e-06 1.825568581206846500e-05 1.225934563137425910e-06
7.436868686868685927e+02 1.363763691008524406e-06 1.831552110752735152e-05 1.289945616353118095e-06
7.637878787878787534e+02 1.398107905825077841e-06 1.851357495392257660e-05 1.352092403779704430e-06
7.838888888888889142e+02 1.436232003903383353e-06 1.881590376066778956e-05 1.415073439321518579e-06
8.039898989898989612e+02 1.479994705590339375e-06 1.917322099876378127e-05 1.483185940523841886e-06
8.240909090909090082e+02 1.528672779449789436e-06 1.951068842448912147e-05 1.561554338196771223e-06
8.441919191919191690e+02 1.582017751137742984e-06 1.976621976059062194e-05 1.655432821174869750e-06
8.642929292929293297e+02 1.638875135701700519e-06 1.991297914753870240e-05 1.769833908879154291e-06
8.843939393939393767e+02 1.699408838141194531e-06 1.996786004049611626e-05 1.910841583084989329e-06
9.044949494949494238e+02 1.763058530647209220e-06 1.993296222041881984e-05 2.082466533410157926e-06
9.245959595959595845e+02 1.826500708996349640e-06 1.987292366642462525e-05 2.285267263534148611e-06
9.446969696969697452e+02 1.887497069925963278e-06 1.986212836827726814e-05 2.506023295246380422e-06
9.647979797979796786e+02 1.946211239134875918e-06 1.993051503538047749e-05 2.744844318560735388e-06
9.848989898989898393e+02 2.003389099957402725e-06 2.008813912773386103e-05 2.992086223249475142e-06
1.005000000000000000e+03 2.058510237101723192e-06 2.035745924717849905e-05 3.234314527577604014e-06
1.025101010101009933e+03 2.112558506916422673e-06 2.069263441389157258e-05 3.458138775531744121e-06
1.045202020202020094e+03 2.166059944796968923e-06 2.107864431944271661e-05 3.663036304816200838e-06
1.065303030303030255e+03 2.219894017650267532e-06 2.148346491106748618e-05 3.847267738450553831e-06
1.085404040404040416e+03 2.276618880749322006e-06 2.186546291710918103e-05 4.021597015098135157e-06
1.105505050505050349e+03 2.337003100966669202e-06 2.222753660836768093e-05 4.201645737908060752e-06
1.125606060606060510e+03 2.400122657578266883e-06 2.256661444757437099e-05 4.396439345894604705e-06
1.145707070707070670e+03 2.465355619647303198e-06 2.288845723346025619e-05 4.607885829583683324e-06
1.165808080808080831e+03 2.531434148074463317e-06 2.324891236693948029e-05 4.847013928396690144e-06
1.185909090909090992e+03 2.600215230772249342e-06 2.370406023269882540e-05 5.124192269298829637e-06
1.206010101010100925e+03 2.668830444049161024e-06 2.427727277483159003e-05 5.434460538383811823e-06
1.226111111111111086e+03 2.737481636044329394e-06 2.500568980094406183e-05 5.785727190841998281e-06
1.246212121212121247e+03 2.803754183634598860e-06 2.591102405098816343e-05 6.165936564511712706e-06
1.266313131313131180e+03 2.866521007490056915e-06 2.697432445948683147e-05 6.576143760593220315e-06
1.286414141414141341e+03 2.925496216301190539e-06 2.818505944041306660e-05 7.016208851338536913e-06
1.306515151515151501e+03 2.981800427159022329e-06 2.953538672370568894e-05 7.491796717538374829e-06
1.326616161616161662e+03 3.033010685197053449e-06 3.090025758019275618e-05 7.983245712963718383e-06
1.346717171717171595e+03 3.079593377870963459e-06 3.220738264205000171e-05 8.489713180473679630e-06
1.366818181818181756e+03 3.123371150576026223e-06 3.341752971865158119e-05 9.020771553525657350e-06
1.386919191919191917e+03 3.167039614924363923e-06 3.452103235383910076e-05 9.592917381282022515e-06
1.407020202020201850e+03 3.208333627289339637e-06 3.550691311590165885e-05 1.021475343453551909e-05
1.427121212121212011e+03 3.250156005870530695e-06 3.644620199324966471e-05 1.089014686884075930e-05
1.447222222222222172e+03 3.293796281619347608e-06 3.740333213717479948e-05 1.164023226375342712e-05
1.467323232323232332e+03 3.338050255739837045e-06 3.849784549919637959e-05 1.246411335319291542e-05
1.487424242424242493e+03 3.383523306604082650e-06 3.981562464487055467e-05 1.336778717867435344e-05
1.507525252525252426e+03 3.430932794612211488e-06 4.147350295258231986e-05 1.439924164531177791e-05
1.527626262626262587e+03 3.478115536518915067e-06 4.354711880970958335e-05 1.554446663976535081e-05
1.547727272727272748e+03 3.523629911948846522e-06 4.599597902750675863e-05 1.678015584861377766e-05
1.567828282828282681e+03 3.566992151944925300e-06 4.884951353039102787e-05 1.814245017354718575e-05
1.587929292929292842e+03 3.607502670175094761e-06 5.204219647354660030e-05 1.964654321055794706e-05
1.608030303030303003e+03 3.643795098529759773e-06 5.548275316892770570e-05 2.129904063023017180e-05
1.628131313131313163e+03 3.676821972354807886e-06 5.901093217885268932e-05 2.312743470423198915e-05
1.648232323232323097e+03 3.706684378110750294e-06 6.250425817113932985e-05 2.513825592936751749e-05
1.668333333333333258e+03 3.733812427747637036e-06 6.581663532191970147e-05 2.735920046938154307e-05
1.688434343434343418e+03 3.761193725425797624e-06 6.888343731034431996e-05 2.979933581772315786e-05
1.708535353535353352e+03 3.789521456170290683e-06 7.183981754641395037e-05 3.258743356671254605e-05
1.728636363636363512e+03 3.821483424693480033e-06 7.470390207725984726e-05 3.570506865032144152e-05
1.748737373737373673e+03 3.857794452493344526e-06 7.761665469385052097e-05 3.911094938998870653e-05
1.768838383838383834e+03 3.900015934390765441e-06 8.083815862834869796e-05 4.290038197820032387e-05
1.788939393939393995e+03 3.949611013417910263e-06 8.463772507942741736e-05 4.712762751954260637e-05
1.809040404040403928e+03 4.007032521069377552e-06 8.907490450619420851e-05 5.181757492572257800e-05
1.829141414141414089e+03 4.073409724459406903e-06 9.450263656636561618e-05 5.707203259646349066e-05
1.849242424242424249e+03 4.146352523053888721e-06 1.009623032153253252e-04 6.299712328634512895e-05
1.869343434343434183e+03 4.227341693876134988e-06 1.083867606758757247e-04 6.958741264698684850e-05
1.889444444444444343e+03 4.314123707785278781e-06 1.167654097732650272e-04 7.698220598923589790e-05
1.909545454545454504e+03 4.408586332149507662e-06 1.261450227679231865e-04 8.551600692252753243e-05
1.929646464646464665e+03 4.506887951533855238e-06 1.359607082459130813e-04 9.506308399476387017e-05
1.949747474747474598e+03 4.605956718591280181e-06 1.459376562372268404e-04 1.055847988386950467e-04
1.969848484848484759e+03 4.709904251692542466e-06 1.560056377410613164e-04 1.174006837353251741e-04
1.989949494949494920e+03 4.817649577184126326e-06 1.662228745263767118e-04 1.307719762603901678e-04
