2.005050505050505194e+01 4.675543943081221897e-07 6.801367574575989514e-07 4.986965358218049339e-07
4.015151515151514872e+01 4.802587482171540998e-07 4.285436003163563046e-07 5.877677824005028294e-07
6.025252525252524549e+01 4.915945913882028770e-07 5.171408432924831480e-07 5.358595924927175676e-07
8.035353535353534937e+01 5.033929500902165963e-07 6.052294108417964880e-07 4.476828258971763711e-07
1.004545454545454533e+02 5.219329650141112227e-07 5.621731608153710001e-07 4.957452657011167568e-07
1.205555555555555429e+02 4.798910226894895763e-07 5.474847923589186128e-07 4.429970636934815670e-07
1.406565656565656468e+02 5.354899341302276213e-07 7.230318068983008570e-07 4.857925167811341337e-07
1.607575757575757507e+02 5.871005447886001918e-07 8.837888589052095404e-07 4.917517797957567365e-07
1.808585858585858546e+02 6.330516476468114710e-07 9.785521849025892218e-07 4.353078859332747738e-07
2.009595959595959584e+02 6.004825729798199733e-07 1.271713959271586462e-06 4.326262200959393220e-07
2.210606060606060623e+02 6.950691246822427287e-07 1.784299228767735167e-06 4.201143694086536271e-07
2.411616161616161662e+02 7.282030152800596921e-07 2.452140904964318142e-06 4.591321124622613959e-07
2.612626262626262132e+02 8.045604172839651253e-07 3.518887003851738917e-06 4.187315333486186908e-07
2.813636363636363740e+02 8.357160243284421057e-07 4.931495040067151853e-06 4.245316461578567582e-07
3.014646464646464210e+02 8.954483791913156102e-07 7.416431242525375875e-06 4.294171706554520884e-07
3.215656565656565817e+02 8.262249807909697509e-07 9.243532476073634436e-06 4.620708339925720659e-07
3.416666666666666288e+02 9.675799100346597713e-07 1.019805551809653002e-05 4.698626199770507819e-07
3.617676767676767895e+02 9.257726626021777771e-07 9.651485440374666771e-06 5.413056173147348416e-07
3.818686868686868365e+02 9.003668118285319287e-07 9.457922252247129849e-06 5.408575759596370093e-07
4.019696969696969973e+02 9.900346688617323811e-07 8.710003263624433660e-06 5.859697784266772176e-07
4.220707070707070443e+02 9.713351619323468308e-07 8.362537923196770420e-06 5.408590343684810673e-07
4.421717171717172050e+02 9.749034386513007380e-07 8.188654049092846369e-06 6.060699099381545423e-07
4.622727272727272521e+02 9.546844597914946892e-07 8.766191454163121336e-06 6.145409993719175227e-07
4.823737373737373559e+02 1.014761708475854021e-06 9.651932196343022274e-06 6.324544280372214309e-07
5.024747474747474030e+02 1.082902455523518825e-06 1.023782242184846990e-05 6.192850296001531797e-07
5.225757575757575069e+02 1.041817546502637437e-06 1.171295141659060417e-05 6.736926879066431546e-07
5.426767676767676676e+02 1.143267244502816652e-06 1.295697445142858804e-05 7.070412728327121269e-07
5.627777777777778283e+02 1.138632694113806292e-06 1.502515660344512255e-05 7.244392363932716024e-07
5.828787878787878753e+02 1.170474467104647191e-06 1.716905305245638731e-05 7.675472841672559284e-07
6.029797979797979224e+02 1.173429106664705061e-06 1.873430568604870949e-05 8.026907371214387131e-07
6.230808080808080831e+02 1.235994766600595880e-06 1.882729881362662816e-05 9.078239137982127662e-07
6.431818181818182438e+02 1.229057257284934973e-06 1.789914957150719042e-05 1.014195653716838448e-06
6.632828282828281772e+02 1.263599554964771939e-06 1.888939732168012581e-05 1.017979489963205911e-06
6.833838383838383379e+02 1.278906687192822135e-06 1.855701710228738552e-05 1.087978757000320095e-06
7.034848484848484986e+02 1.352299811199022258e-06 1.877806178398591904e-05 1.177188338121346762e-06
7.235858585858585457e+02 1.341889914618848902e-06 1.798820824140479676e-05 1.233372265670203381e-06
7.436868686868685927e+02 1.401541503582511481e-06 1.824354199263860670e-05 1.274239144617085868e-06
7.637878787878787534e+02 1.460291816687073507e-06 1.818513622447286024e-05 1.403186609822642410e-06
7.838888888888889142e+02 1.459929860999619678e-06 1.864603910041212116e-05 1.448648116429091472e-06
8.039898989898989612e+02 1.561902908148299154e-06 1.939573981017358146e-05 1.519242356109528468e-06
8.240909090909090082e+02 1.529073532496481606e-06 1.879753398215402261e-05 1.572276712186122551e-06
8.441919191919191690e+02 1.577133268607008252e-06 2.026496981003213761e-05 1.740405379720143201e-06
8.642929292929293297e+02 1.683337272985314188e-06 2.015965870253293258e-05 1.808211754271392506e-06
8.843939393939393767e+02 1.739963755705500929e-06 1.960681980758832580e-05 1.970909802580114900e-06
9.044949494949494238e+02 1.791288626675162273e-06 1.991527644619148115e-05 2.119229066993022628e-06
9.245959595959595845e+02 1.840464522493576100e-06 1.985989077664389476e-05 2.342793993512411690e-06
9.446969696969697452e+02 1.842507189907622769e-06 1.972686705656273131e-05 2.506766767283826465e-06
9.647979797979796786e+02 1.973158517974330341e-06 2.016873974343270549e-05 2.774854979696353149e-06
9.848989898989898393e+02 1.974816616298709826e-06 2.026018605866738366e-05 3.018925585085263151e-06
1.005000000000000000e+03 2.074797790933826985e-06 2.145296282664601835e-05 3.380101717172147403e-06
1.025101010101009933e+03 2.135035694571732823e-06 2.136582132570370631e-05 3.523472501542554148e-06
1.045202020202020094e+03 2.091709710104484149e-06 2.118102020254880404e-05 3.614689538830530464e-06
1.065303030303030255e+03 2.238582537990269729e-06 2.210213098432968159e-05 3.864367975245609260e-06
1.085404040404040416e+03 2.247422810889309863e-06 2.188865499466200132e-05 3.953638731030547959e-06
1.105505050505050349e+03 2.369069413361302551e-06 2.228858989914563485e-05 4.333672680969551718e-06
1.125606060606060510e+03 2.366305633701997301e-06 2.306762508686961967e-05 4.557481067096298352e-06
1.145707070707070670e+03 2.493210636719077345e-06 2.382674601017398979e-05 4.459681404988949651e-06
1.165808080808080831e+03 2.454435471696225278e-06 2.407536208694483797e-05 4.928197026692756592e-06
1.185909090909090992e+03 2.630735257033424302e-06 2.344220718818704438e-05 5.185132909314147970e-06
1.206010101010100925e+03 2.667641206200463752e-06 2.436187592221677369e-05 5.542845646160342795e-06
1.226111111111111086e+03 2.810043421297007077e-06 2.614041977027983595e-05 5.795537998326211676e-06
1.246212121212121247e+03 2.797933177372337364e-06 2.541562401871664314e-05 6.369229375594873231e-06
1.266313131313131180e+03 2.980022607927925235e-06 2.704366396749178499e-05 6.727273064701858770e-06
1.286414141414141341e+03 2.915945275228901252e-06 2.860943243919057954e-05 7.076520003580728076e-06
1.306515151515151501e+03 2.883768976054093150e-06 2.932942065104447387e-05 7.550792033017919817e-06
1.326616161616161662e+03 2.987839247300579561e-06 3.035203405508125129e-05 8.238007230354976173e-06
1.346717171717171595e+03 3.027792064578725155e-06 3.266459711141480812e-05 8.318057436567352200e-06
1.366818181818181756e+03 3.076529153582288861e-06 3.409385125207266992e-05 9.340310693299196492e-06
1.386919191919191917e+03 3.217968849714495918e-06 3.431560302488618927e-05 9.586170495119252947e-06
1.407020202020201850e+03 3.172622667675412296e-06 3.547632158989531527e-05 1.024934444803434946e-05
1.427121212121212011e+03 3.227106103809243203e-06 3.601056567757729903e-05 1.112744472831906038e-05
1.447222222222222172e+03 3.256468977210625421e-06 3.791093860384049153e-05 1.160669002761055460e-05
1.467323232323232332e+03 3.254143827812338220e-06 3.934333681808782401e-05 1.255729074560182773e-05
1.487424242424242493e+03 3.273658860417897622e-06 3.950104535563150920e-05 1.384383083936852717e-05
1.507525252525252426e+03 3.443830063484317622e-06 4.181267662109412666e-05 1.451565658682718745e-05
1.527626262626262587e+03 3.377330920218831574e-06 4.432149046517761811e-05 1.512074439106612756e-05
1.547727272727272748e+03 3.526539092950103265e-06 4.608155888791275071e-05 1.718409283901821492e-05
1.567828282828282681e+03 3.565026310129569044e-06 5.023298919594287290e-05 1.832098757558695226e-05
1.587929292929292842e+03 3.550818619580339378e-06 5.259626127692103358e-05 1.994392537428543030e-05
1.608030303030303003e+03 3.634489304231570177e-06 5.574363217891429060e-05 2.157904577161118986e-05
1.628131313131313163e+03 3.635748685727142292e-06 6.036703028496651714e-05 2.342592897593060821e-05
1.648232323232323097e+03 3.687578050097138437e-06 6.188462181588479918e-05 2.589967622225237506e-05
1.668333333333333258e+03 3.732666020929455441e-06 6.288836126436706604e-05 2.708655230927226233e-05
1.688434343434343418e+03 3.852402929898072284e-06 7.274386422201619350e-05 3.027506801804561682e-05
1.708535353535353352e+03 3.752387279105025285e-06 7.371031753518304070e-05 3.224069092691144453e-05
1.728636363636363512e+03 3.699134297188427225e-06 7.473262842604032005e-05 3.576403492413073124e-05
1.748737373737373673e+03 3.857433791859599508e-06 7.985306703652696018e-05 3.883279555754529371e-05
1.768838383838383834e+03 3.883544994941813091e-06 8.107874725052365038e-05 4.315706793824002888e-05
1.788939393939393995e+03 3.899399811775338113e-06 8.626760322832505818e-05 4.761927840757213524e-05
1.809040404040403928e+03 3.995106693846310970e-06 9.265663257286743443e-05 5.026362132968825063e-05
1.829141414141414089e+03 3.980518019894147969e-06 9.662564176493464217e-05 5.689278912505938167e-05
1.849242424242424249e+03 4.122049034449016697e-06 1.032352345834292029e-04 6.266868418023295269e-05
1.869343434343434183e+03 4.091939445299926311e-06 1.099775433612000357e-04 7.006265738404189049e-05
1.889444444444444343e+03 4.359836602879550289e-06 1.142842780044078978e-04 7.709539533511079127e-05
1.909545454545454504e+03 4.363676470272723243e-06 1.246597382439083065e-04 8.275948618570958275e-05
1.929646464646464665e+03 4.527599181271658671e-06 1.374018207149525089e-04 9.605822382006844369e-05
1.949747474747474598e+03 4.563467450112472312e-06 1.466672469860621738e-04 1.034299867597193061e-04
1.969848484848484759e+03 4.738748295013580063e-06 1.537261729491322545e-04 1.153078345198783574e-04
1.989949494949494920e+03 4.760309443817710816e-06 1.624983027952080575e-04 1.285233847440777320e-04
