2.005050505050505194e+01 5.528280183707829730e-07 3.165231019733970319e-07 3.893583508504785025e-07
4.015151515151514872e+01 5.157739583709859022e-07 5.172392608079653595e-07 5.418395633083343821e-07
6.025252525252524549e+01 5.245654937044167402e-07 5.060021853528625865e-07 5.487220875983583738e-07
8.035353535353534937e+01 5.019534278468901779e-07 5.513383875238108236e-07 5.358047644620854208e-07
1.004545454545454533e+02 5.187288117997247956e-07 5.772139537701564069e-07 4.975883964487486875e-07
1.205555555555555429e+02 4.727241072490287281e-07 5.810572147910375530e-07 4.099725253348227656e-07
1.406565656565656468e+02 5.600460555587673317e-07 7.078150524347027007e-07 4.553567075059075686e-07
1.607575757575757507e+02 5.477468165251675829e-07 8.165629364627370211e-07 4.839124490164545545e-07
1.808585858585858546e+02 6.105753634447998900e-07 1.013846105313121606e-06 4.678315344071655948e-07
2.009595959595959584e+02 6.324076009156145702e-07 1.282786327163705506e-06 4.299415392364253928e-07
2.210606060606060623e+02 6.816914106593164083e-07 1.892544351073678458e-06 4.642902776713146746e-07
2.411616161616161662e+02 6.854034074881688116e-07 2.415822799952929885e-06 4.326773975725970927e-07
2.612626262626262132e+02 8.231359859734435006e-07 3.390022936667142129e-06 4.295570634682785947e-07
2.813636363636363740e+02 8.189749064223902800e-07 5.162807204421919202e-06 4.613625139656321252e-07
3.014646464646464210e+02 8.576086335017308927e-07 7.498510905275277592e-06 4.461799064074347248e-07
3.215656565656565817e+02 8.345645638827529738e-07 9.133634858850918416e-06 4.693158564114820667e-07
3.416666666666666288e+02 8.776779576384649100e-07 9.488501121522731156e-06 4.952704182087149481e-07
3.617676767676767895e+02 9.238596638004680098e-07 9.431237991304088081e-06 5.295817568802620220e-07
3.818686868686868365e+02 8.619662728753706575e-07 9.244526588037623146e-06 5.671422541024391112e-07
4.019696969696969973e+02 9.473352685961390868e-07 8.130702269158651395e-06 5.531373711844874628e-07
4.220707070707070443e+02 9.343435939900248652e-07 8.088586910033656110e-06 6.222337125290226321e-07
4.421717171717172050e+02 9.355987733692236563e-07 8.479210531390087726e-06 6.070819906424789105e-07
4.622727272727272521e+02 9.153675341347893306e-07 8.583684855765189541e-06 5.765216318429018788e-07
4.823737373737373559e+02 9.679064877855205723e-07 9.315468835759623095e-06 6.263089600060285856e-07
5.024747474747474030e+02 1.008904363724367157e-06 1.021298905732344620e-05 6.077057918114893919e-07
5.225757575757575069e+02 1.016091091898453011e-06 1.210258138026855833e-05 6.912987387873999527e-07
5.426767676767676676e+02 1.057357891239755070e-06 1.349219640345834387e-05 6.757020379255856443e-07
5.627777777777778283e+02 1.087754672989668521e-06 1.569943761720752346e-05 7.387497951696921638e-07
5.828787878787878753e+02 1.152512828246680694e-06 1.691170377584464690e-05 7.970713702379333248e-07
6.029797979797979224e+02 1.185179260825048040e-06 1.860239842660105710e-05 8.656471026467140973e-07
6.230808080808080831e+02 1.263209480725775006e-06 1.990923556892869472e-05 8.958657487071609364e-07
6.431818181818182438e+02 1.223491491576986100e-06 1.886850605450698733e-05 9.631423094618970109e-07
6.632828282828281772e+02 1.262420551926242053e-06 1.922012587763998904e-05 1.077427573928310435e-06
6.833838383838383379e+02 1.244008666600198823e-06 1.904756727594175870e-05 1.134064479657857112e-06
7.034848484848484986e+02 1.379575911486070981e-06 1.780130344824226322e-05 1.190085709595822864e-06
7.235858585858585457e+02 1.345235811430451389e-06 1.802445513080627842e-05 1.239570650748107338e-06
7.436868686868685927e+02 1.406751762634181991e-06 1.804880022247903700e-05 1.303799437725988218e-06
7.637878787878787534e+02 1.481660578350824185e-06 1.895789383100304971e-05 1.433962473482408009e-06
7.838888888888889142e+02 1.426889071868985612e-06 1.890282171304098367e-05 1.436324669515555003e-06
8.039898989898989612e+02 1.492507324495989032e-06 1.860707851361726212e-05 1.530949670457996857e-06
8.240909090909090082e+02 1.611103910269763387e-06 1.975996338273264290e-05 1.617924665092093663e-06
8.441919191919191690e+02 1.650000106866720579e-06 1.988611560225798984e-05 1.706579915065257730e-06
8.642929292929293297e+02 1.704639719652858197e-06 1.958849127340340680e-05 1.815632088243045692e-06
8.843939393939393767e+02 1.702357051157719813e-06 1.950447716368304869e-05 2.037576172649077691e-06
9.044949494949494238e+02 1.759447038717108255e-06 2.019784341960128332e-05 2.172298297244884008e-06
9.245959595959595845e+02 1.884892605561231443e-06 1.990141352254446545e-05 2.253564054706656459e-06
9.446969696969697452e+02 1.880245426524530284e-06 1.924863140789457599e-05 2.563648525312718694e-06
9.647979797979796786e+02 2.000411063540340894e-06 2.087880003800836470e-05 2.855312365637578500e-06
9.848989898989898393e+02 2.008520394240025409e-06 1.993595664271655203e-05 3.014042298023239388e-06
1.005000000000000000e+03 2.077854741573981375e-06 2.019353223590503524e-05 3.307391849032736403e-06
1.025101010101009933e+03 2.116683044092132518e-06 2.156513123820190685e-05 3.475173934188858581e-06
1.045202020202020094e+03 2.211948833677302321e-06 2.089224073915850287e-05 3.739013452885392737e-06
1.065303030303030255e+03 2.225939454981634864e-06 2.143471430991780347e-05 3.910118314833619540e-06
1.085404040404040416e+03 2.301263674232299674e-06 2.163490766476783961e-05 4.111757513362528088e-06
1.105505050505050349e+03 2.331489232831251395e-06 2.282943373386310686e-05 4.269286708944747090e-06
1.125606060606060510e+03 2.484570830664419168e-06 2.268341936283275206e-05 4.419148373697315423e-06
1.145707070707070670e+03 2.504429024926112731e-06 2.379937688926436222e-05 4.762235511600763704e-06
1.165808080808080831e+03 2.662437546994785300e-06 2.397989749603866787e-05 4.981380897685354600e-06
1.185909090909090992e+03 2.662641403259042242e-06 2.316232814237849662e-05 5.144788482441370022e-06
1.206010101010100925e+03 2.678302416835375362e-06 2.372113219659787152e-05 5.440512552738848678e-06
1.226111111111111086e+03 2.748342338436887381e-06 2.606647922823485157e-05 6.166955563700336422e-06
1.246212121212121247e+03 2.827885911191194702e-06 2.580599226108880347e-05 6.248212201882934710e-06
1.266313131313131180e+03 2.831680565326796369e-06 2.734404667631785141e-05 6.565782915239382371e-06
1.286414141414141341e+03 2.904714063600731638e-06 2.850133232990349535e-05 7.120279799095202614e-06
1.306515151515151501e+03 3.032466468436410110e-06 2.940319003348957459e-05 7.643240783825709916e-06
1.326616161616161662e+03 3.047941571886083491e-06 3.150873562342545249e-05 8.076023460861863040e-06
1.346717171717171595e+03 3.135365451661778172e-06 3.196626121542373380e-05 8.711401558154154994e-06
1.366818181818181756e+03 3.113510505301226321e-06 3.481624677899876591e-05 9.153658765229073652e-06
1.386919191919191917e+03 3.254813037066545362e-06 3.458461715713664707e-05 9.774881815113572716e-06
1.407020202020201850e+03 3.142117235867393399e-06 3.571649457686923364e-05 1.043981227934199522e-05
1.427121212121212011e+03 3.255110829872949798e-06 3.731815035628817449e-05 1.102656224713284989e-05
1.447222222222222172e+03 3.353721454004810588e-06 3.805573391348905080e-05 1.183062059339813632e-05
1.467323232323232332e+03 3.225603695958314907e-06 3.980200587813003711e-05 1.278292155109396388e-05
1.487424242424242493e+03 3.405120663696290209e-06 3.965544542210891113e-05 1.337390748917527434e-05
1.507525252525252426e+03 3.431142250526693782e-06 4.285890182496433049e-05 1.443581166480042399e-05
1.527626262626262587e+03 3.446182659052029445e-06 4.476381167205931508e-05 1.619362639735149177e-05
1.547727272727272748e+03 3.554616727479365202e-06 4.660171052507942934e-05 1.748927505259117491e-05
1.567828282828282681e+03 3.566946636663282147e-06 4.995302436705821754e-05 1.804673610400176441e-05
1.587929292929292842e+03 3.591473923097474224e-06 5.219366960697776887e-05 1.936920743225645092e-05
1.608030303030303003e+03 3.622846974487025098e-06 5.616894590445236881e-05 2.151198575855402926e-05
1.628131313131313163e+03 3.599735636789025713e-06 5.868996509737960332e-05 2.377963594663349582e-05
1.648232323232323097e+03 3.725615838210126026e-06 6.075287614338459216e-05 2.567688919424954876e-05
1.668333333333333258e+03 3.690038289824648527e-06 6.788368568978925038e-05 2.829509812214588545e-05
1.688434343434343418e+03 3.750932840287721068e-06 6.804116727061234053e-05 3.078084933216469787e-05
1.708535353535353352e+03 3.751176445124439488e-06 7.305978770434369378e-05 3.332252889311486144e-05
1.728636363636363512e+03 3.845426430990901504e-06 7.433543727639345183e-05 3.551965769544858880e-05
1.748737373737373673e+03 3.830699504971050764e-06 7.998080928620635759e-05 3.944047056495467298e-05
1.768838383838383834e+03 3.963296588000165738e-06 8.180060892100218578e-05 4.317049721906948088e-05
1.788939393939393995e+03 3.966482597767788280e-06 8.337292327678061821e-05 4.819424308884142787e-05
1.809040404040403928e+03 4.085296200404407688e-06 8.996775832944212939e-05 5.154604019232108739e-05
1.829141414141414089e+03 4.292805520727208614e-06 9.629884945895531673e-05 5.747736268668152864e-05
1.849242424242424249e+03 4.170465115610332882e-06 1.027020662468584292e-04 6.439659008834201141e-05
1.869343434343434183e+03 4.255392332302595406e-06 1.097641030182825182e-04 6.894293650704308917e-05
1.889444444444444343e+03 4.291992183465209836e-06 1.178128678566679754e-04 8.078935491366281898e-05
1.909545454545454504e+03 4.393812005381447314e-06 1.252833941303811770e-04 8.772648656872585537e-05
1.929646464646464665e+03 4.459960697900790438e-06 1.369072842473817583e-04 9.385473024733594809e-05
1.949747474747474598e+03 4.571348691819143843e-06 1.454720912426092313e-04 1.084975248648742342e-04
1.969848484848484759e+03 4.754066170758831231e-06 1.562139581880406204e-04 1.177568281390052764e-04
1.989949494949494920e+03 4.815904655301399280e-06 1.659510725388842797e-04 1.308240187911751653e-04
