2.005050505050505194e+01 3.492438212984520189e-07 3.402524067416564226e-07 4.154175401137971495e-07
4.015151515151514872e+01 3.555625439480898034e-07 3.523866280028383459e-07 4.116554469230113981e-07
6.025252525252524549e+01 3.626570454070420738e-07 3.699134219227274414e-07 4.045458304536108333e-07
8.035353535353534937e+01 3.766066723744197772e-07 4.017785804377688874e-07 3.989325573765491293e-07
1.004545454545454533e+02 3.996288547522274721e-07 4.527197481971182045e-07 3.971751098177629359e-07
1.205555555555555429e+02 4.272036301220076311e-07 5.244851397044825986e-07 3.930534311489181273e-07
1.406565656565656468e+02 4.598182734465037098e-07 6.234483388794237457e-07 3.891168249462482983e-07
1.607575757575757507e+02 4.991632472433000534e-07 7.655005131654540959e-07 3.859327428390246307e-07
1.808585858585858546e+02 5.435104196879185085e-07 9.702591581877553583e-07 3.835883672277258812e-07
2.009595959595959584e+02 5.912605890752275712e-07 1.270434506941171092e-06 3.819967123636224994e-07
2.210606060606060623e+02 6.412747561080224476e-07 1.724891283123325487e-06 3.842595300686991004e-07
2.411616161616161662e+02 6.925458868948825231e-07 2.438742843613772490e-06 3.896266185939479625e-07
2.612626262626262132e+02 7.398601960824688535e-07 3.528965626205379274e-06 3.986690915956143983e-07
2.813636363636363740e+02 7.821329194561293369e-07 5.114027877569452504e-06 4.121805702909938068e-07
3.014646464646464210e+02 8.175945911645825071e-07 7.160007714098791870e-06 4.296935148200043576e-07
3.215656565656565817e+02 8.445390584937189231e-07 9.015340954962435270e-06 4.503465604515455561e-07
3.416666666666666288e+02 8.641313091357482329e-07 9.950108507775504697e-06 4.729607857556272496e-07
3.617676767676767895e+02 8.788083843627877915e-07 9.898628750976331549e-06 4.970408393937252482e-07
3.818686868686868365e+02 8.897088912519558708e-07 9.343465809892513056e-06 5.212849944222129729e-07
4.019696969696969973e+02 9.003406124861345727e-07 8.814383032175003902e-06 5.436913814516904307e-07
4.220707070707070443e+02 9.114635746828240479e-07 8.538496205462219279e-06 5.626624713761339277e-07
4.421717171717172050e+02 9.250351434004247015e-07 8.548142153746007612e-06 5.800210232382094680e-07
4.622727272727272521e+02 9.429058881906873164e-07 8.895001950376829760e-06 5.965672142622420420e-07
4.823737373737373559e+02 9.637568864716392497e-07 9.573110758975001138e-06 6.125064714466197541e-07
5.024747474747474030e+02 9.897564415895471045e-07 1.064251039041458447e-05 6.316186361468827815e-07
5.225757575757575069e+02 1.019343054571413755e-06 1.210090336778597255e-05 6.551034874786791034e-07
5.426767676767676676e+02 1.050925851990516344e-06 1.383994917022356810e-05 6.836005307326372537e-07
5.627777777777778283e+02 1.083707898936143519e-06 1.573792062883576105e-05 7.199060594346358359e-07
5.828787878787878753e+02 1.117997887394953031e-06 1.753223395234989487e-05 7.654460311886939703e-07
6.029797979797979224e+02 1.151278591597086912e-06 1.887958617812234469e-05 8.196741687113489220e-07
6.230808080808080831e+02 1.182706297614807425e-06 1.960528700190182402e-05 8.814608937774850471e-07
6.431818181818182438e+02 1.212926761871300281e-06 1.975000975941550369e-05 9.511000320952500165e-07
6.632828282828281772e+02 1.241179112605392350e-06 1.953237071461407499e-05 1.025412928157529337e-06
6.833838383838383379e+02 1.268565178688393114e-06 1.918414523094539445e-05 1.101259767070115486e-06
7.034848484848484986e+02 1.296528853775274167e-06 1.885807600190900145e-05 1.178428547396000312e-06
7.235858585858585457e+02 1.325808191731322781e-06 1.868454957813446527e-05 1.250774436450864382e-06
7.436868686868685927e+02 1.356081449002240580e-06 1.868601791697796358e-05 1.315884506348818850e-06
7.637878787878787534e+02 1.390561398029844380e-06 1.886026316688847751e-05 1.377719572963159484e-06
7.838888888888889142e+02 1.428347406979081958e-06 1.915304041947149202e-05 1.439373840290737611e-06
8.039898989898989612e+02 1.471481157886801733e-06 1.950217328964081622e-05 1.505812901283699442e-06
8.240909090909090082e+02 1.519247881431469416e-06 1.984513675781988913e-05 1.585138421346338863e-06
8.441919191919191690e+02 1.571492621465232982e-06 2.012086759803944581e-05 1.678946669785728219e-06
8.642929292929293297e+02 1.627351505032824675e-06 2.028349503599088683e-05 1.794383022921485616e-06
8.843939393939393767e+02 1.687088547986286829e-06 2.032878791661508978e-05 1.936951706923520642e-06
9.044949494949494238e+02 1.748851637982268853e-06 2.029004600341303426e-05 2.112660918545014047e-06
9.245959595959595845e+02 1.811738986366404136e-06 2.022070995503103615e-05 2.319267503889234600e-06
9.446969696969697452e+02 1.872294254372899232e-06 2.019568477120394558e-05 2.548737707934610580e-06
9.647979797979796786e+02 1.930210787268083830e-06 2.024806830864671301e-05 2.796904398422164533e-06
9.848989898989898393e+02 1.988191881511640470e-06 2.041348813592207005e-05 3.053916192658269507e-06
1.005000000000000000e+03 2.043456594470840511e-06 2.066133847381957042e-05 3.306838409464745944e-06
1.025101010101009933e+03 2.098089077201979615e-06 2.098860595778981460e-05 3.538058314881241045e-06
1.045202020202020094e+03 2.151737382424098335e-06 2.137484447688162395e-05 3.742055130016391995e-06
1.065303030303030255e+03 2.206240275481982744e-06 2.177094195656967661e-05 3.927610383487849012e-06
1.085404040404040416e+03 2.262193532919175971e-06 2.215228034307734599e-05 4.099501227098299649e-06
1.105505050505050349e+03 2.322361349614528195e-06 2.251097025161314925e-05 4.276163169567459073e-06
1.125606060606060510e+03 2.385245081904733676e-06 2.285384152272053546e-05 4.466449485802101198e-06
1.145707070707070670e+03 2.448696544067005507e-06 2.317983717764280488e-05 4.674285983568027867e-06
1.165808080808080831e+03 2.514438853943995591e-06 2.353603420766983847e-05 4.913201774606858984e-06
1.185909090909090992e+03 2.582379563824631172e-06 2.397983777574513812e-05 5.187351259856935603e-06
1.206010101010100925e+03 2.649743938606328789e-06 2.454627694070879435e-05 5.504388112286882699e-06
1.226111111111111086e+03 2.717574690348874575e-06 2.527562384846631873e-05 5.860150634124820990e-06
1.246212121212121247e+03 2.783115646343817328e-06 2.617325658330316276e-05 6.252860650860381417e-06
1.266313131313131180e+03 2.844709870902810985e-06 2.723680240853681316e-05 6.670717038728677571e-06
1.286414141414141341e+03 2.903816435999498511e-06 2.846616508645997284e-05 7.117547189489509669e-06
1.306515151515151501e+03 2.960958766532526050e-06 2.984412821205360841e-05 7.602086949626997092e-06
1.326616161616161662e+03 3.013198195013060109e-06 3.121554286106316824e-05 8.100275354473929689e-06
1.346717171717171595e+03 3.060474564710153502e-06 3.251908351345489129e-05 8.611437707481978612e-06
1.366818181818181756e+03 3.105939049901497452e-06 3.374408475987654746e-05 9.152613322383890669e-06
1.386919191919191917e+03 3.150255574531885160e-06 3.483897329306206558e-05 9.727430733306852744e-06
1.407020202020201850e+03 3.193206139579834407e-06 3.585062132817162892e-05 1.034842473433620774e-05
1.427121212121212011e+03 3.236419538825704218e-06 3.678475859571198243e-05 1.103205740659662426e-05
1.447222222222222172e+03 3.280110129250412955e-06 3.776546975796424602e-05 1.178224145110924030e-05
1.467323232323232332e+03 3.324979634823372731e-06 3.885598661753985006e-05 1.260493862910347996e-05
1.487424242424242493e+03 3.370389765914377984e-06 4.016138790326602382e-05 1.351426170945249458e-05
1.507525252525252426e+03 3.417413708803266177e-06 4.183429304161861263e-05 1.454147073597467897e-05
1.527626262626262587e+03 3.463928268239123793e-06 4.390783700295211432e-05 1.568865590152881224e-05
1.547727272727272748e+03 3.507611788961988951e-06 4.636830963008239763e-05 1.692713610532295767e-05
1.567828282828282681e+03 3.549599485944419296e-06 4.924490787308430536e-05 1.829723425755812270e-05
1.587929292929292842e+03 3.587903905220772432e-06 5.247105387223804354e-05 1.980540954249134118e-05
1.608030303030303003e+03 3.622279100808853809e-06 5.591965730753049201e-05 2.147007554243744092e-05
1.628131313131313163e+03 3.653075050430940435e-06 5.946636858649190395e-05 2.330258990037984058e-05
1.648232323232323097e+03 3.681473797053603586e-06 6.299801593069955831e-05 2.532698013825892663e-05
1.668333333333333258e+03 3.707978923118105825e-06 6.633776233898928357e-05 2.756344254957792666e-05
1.688434343434343418e+03 3.733648829484367869e-06 6.941589606097121673e-05 3.001974474779659354e-05
1.708535353535353352e+03 3.761635914675233656e-06 7.238004111771235202e-05 3.280912170012391350e-05
1.728636363636363512e+03 3.793049639532275194e-06 7.531711204233074641e-05 3.595648879873408597e-05
1.748737373737373673e+03 3.828709892226088515e-06 7.823216008079645701e-05 3.936540779778391742e-05
1.768838383838383834e+03 3.871187185749413972e-06 8.148898867008662523e-05 4.317745525652402441e-05
1.788939393939393995e+03 3.919307227391215680e-06 8.531243595942197703e-05 4.740525402918459384e-05
1.809040404040403928e+03 3.976013493608247852e-06 8.980209708823120435e-05 5.209508013942053278e-05
1.829141414141414089e+03 4.040689785714175639e-06 9.528363553787365934e-05 5.733347406222210322e-05
1.849242424242424249e+03 4.113477707705242390e-06 1.017676474426859064e-04 6.325343153575430023e-05
1.869343434343434183e+03 4.193405112281806449e-06 1.092230151380230450e-04 6.982409682463198552e-05
1.889444444444444343e+03 4.277733511779190526e-06 1.176268761815419539e-04 7.722070068351875687e-05
1.909545454545454504e+03 4.371282578997289907e-06 1.270198109769053111e-04 8.577750334611960190e-05
1.929646464646464665e+03 4.467836272643871347e-06 1.369020079707187012e-04 9.533558542075203058e-05
1.949747474747474598e+03 4.567802046387539309e-06 1.468972491149759347e-04 1.058711715266385720e-04
1.969848484848484759e+03 4.670679510282250457e-06 1.570024256199032797e-04 1.177410779575552838e-04
1.989949494949494920e+03 4.777840452092673039e-06 1.673429348308898745e-04 1.311321385109453662e-04
