2.005050505050505194e+01 4.893726977252525688e-07 4.604955145292023165e-07 4.744821722142595137e-07
4.015151515151514872e+01 5.246467323122194480e-07 5.054477006580747043e-07 5.625261075099631293e-07
6.025252525252524549e+01 5.668663987971919435e-07 4.705776022618505534e-07 5.742923354729768343e-07
8.035353535353534937e+01 4.830925291689709851e-07 4.578268048752941662e-07 5.490709693229191354e-07
1.004545454545454533e+02 4.969428008707682869e-07 5.896233945444781634e-07 4.730538196895153128e-07
1.205555555555555429e+02 5.259775167936992972e-07 6.420152007441238767e-07 5.236753126073681274e-07
1.406565656565656468e+02 5.354635553233623815e-07 6.812794622614804245e-07 4.543680719552617901e-07
1.607575757575757507e+02 5.859736322841612815e-07 8.096535031649201228e-07 4.761006222621558118e-07
1.808585858585858546e+02 5.739853032141739499e-07 1.002581381885945484e-06 4.621840243401790317e-07
2.009595959595959584e+02 6.558757538286724164e-07 1.266498463600826835e-06 4.243044133681952975e-07
2.210606060606060623e+02 6.681923239815754612e-07 1.613833535703079173e-06 4.732257975342550299e-07
2.411616161616161662e+02 7.153944048769324591e-07 2.529378777094067527e-06 4.281584527862689609e-07
2.612626262626262132e+02 7.776761562018919888e-07 3.362854986245590428e-06 4.431245374955382628e-07
2.813636363636363740e+02 8.020143870679754513e-07 4.589593510184676508e-06 4.300042755674651258e-07
3.014646464646464210e+02 8.713868062477393796e-07 7.040878383474068079e-06 4.618020355387228437e-07
3.215656565656565817e+02 9.179645391898390855e-07 8.931160409106907408e-06 4.588214953314155622e-07
3.416666666666666288e+02 9.404769247773376738e-07 1.036321279948997436e-05 5.202101193044931830e-07
3.617676767676767895e+02 9.630321669496566373e-07 9.947188482864803449e-06 5.328429804170734736e-07
3.818686868686868365e+02 9.588926880280471556e-07 9.655475630848889680e-06 5.507998224576064511e-07
4.019696969696969973e+02 9.003081606151092272e-07 8.404405907313411392e-06 5.652198532778096785e-07
4.220707070707070443e+02 9.952268994687574293e-07 8.540622642561029510e-06 6.048350317310563847e-07
4.421717171717172050e+02 9.481117337240196998e-07 8.446745412193480896e-06 6.088960787503546912e-07
4.622727272727272521e+02 9.240820185543243688e-07 8.715292767153627989e-06 6.386263820812425298e-07
4.823737373737373559e+02 9.904585469167897726e-07 9.294024604172153699e-06 6.442472254469132250e-07
5.024747474747474030e+02 1.016872632745948874e-06 1.061714538205966928e-05 6.412454704983693906e-07
5.225757575757575069e+02 1.040292770426906560e-06 1.169433498797383459e-05 6.690755818301076580e-07
5.426767676767676676e+02 1.067505617924671448e-06 1.318092589314181713e-05 7.399221639164853431e-07
5.627777777777778283e+02 1.097442913617263393e-06 1.557220956016848302e-05 7.768086015780845146e-07
5.828787878787878753e+02 1.133677764645909063e-06 1.755915228884309857e-05 7.996585012518203181e-07
6.029797979797979224e+02 1.203172799877824165e-06 1.882763924347129178e-05 8.398897214790896493e-07
6.230808080808080831e+02 1.200818232179923001e-06 1.944912140506021927e-05 8.918211901373245581e-07
6.431818181818182438e+02 1.241109128344758861e-06 1.934139721733597517e-05 9.487634525761758540e-07
6.632828282828281772e+02 1.288396692374349904e-06 1.903848676481553409e-05 1.064419943892430052e-06
6.833838383838383379e+02 1.253527280960428856e-06 1.891914079827048285e-05 1.133989828094251067e-06
7.034848484848484986e+02 1.356071615821997487e-06 1.884757805163766491e-05 1.231749395789140499e-06
7.235858585858585457e+02 1.356739319712172890e-06 1.819954616468229367e-05 1.262031058585330212e-06
7.436868686868685927e+02 1.327422468726836606e-06 1.855854977556310506e-05 1.361441255394327553e-06
7.637878787878787534e+02 1.415027822062042966e-06 1.768600944562678237e-05 1.402845333562553917e-06
7.838888888888889142e+02 1.467393513788634047e-06 1.878101862893864768e-05 1.460030970420284940e-06
8.039898989898989612e+02 1.476572502619121544e-06 1.970449161273052149e-05 1.506894619011543566e-06
8.240909090909090082e+02 1.535737339093685862e-06 1.978805509657885391e-05 1.537202205963064528e-06
8.441919191919191690e+02 1.636344067321988335e-06 1.953944118872362319e-05 1.695134008569414292e-06
8.642929292929293297e+02 1.606209683836668701e-06 2.062166385784675759e-05 1.804061382019051577e-06
8.843939393939393767e+02 1.709180901787879073e-06 2.020016586665830533e-05 1.973326874701040564e-06
9.044949494949494238e+02 1.763053524369952730e-06 2.080792089283243121e-05 2.094418766572963056e-06
9.245959595959595845e+02 1.889109577726334518e-06 2.082660024879575002e-05 2.342820933711265272e-06
9.446969696969697452e+02 1.924618442380809441e-06 1.980916186775958596e-05 2.562331755319767335e-06
9.647979797979796786e+02 1.870713232123537080e-06 2.031410197436930615e-05 2.892795833404605286e-06
9.848989898989898393e+02 2.065156265956991590e-06 1.985927308296108439e-05 3.054045255022152718e-06
1.005000000000000000e+03 2.069346844012979851e-06 2.048530768935032481e-05 3.315105351788005194e-06
1.025101010101009933e+03 2.141635484035614700e-06 2.012874668860922933e-05 3.606152754040166957e-06
1.045202020202020094e+03 2.234297923015011673e-06 2.035664305566550284e-05 3.638316008630939605e-06
1.065303030303030255e+03 2.174783864545342506e-06 2.095472058474310583e-05 3.934817375468726890e-06
1.085404040404040416e+03 2.216452405599507381e-06 2.202440353449468323e-05 3.945156004587014169e-06
1.105505050505050349e+03 2.414685725840296635e-06 2.136492241341435844e-05 4.302010521470009269e-06
1.125606060606060510e+03 2.349727131434561763e-06 2.319325281400290328e-05 4.412793205890826393e-06
1.145707070707070670e+03 2.517970783792057408e-06 2.318839730446216590e-05 4.866232010488167916e-06
1.165808080808080831e+03 2.567876447968941547e-06 2.341414898022772079e-05 4.857587460937931991e-06
1.185909090909090992e+03 2.692158135260974344e-06 2.394969021992118623e-05 5.233110984250013589e-06
1.206010101010100925e+03 2.661885215752188261e-06 2.363301956212201187e-05 5.508652625265447285e-06
1.226111111111111086e+03 2.703530838948949948e-06 2.520219431252624759e-05 5.799305711031289999e-06
1.246212121212121247e+03 2.764628474786879126e-06 2.596888083791507799e-05 6.310787175678205260e-06
1.266313131313131180e+03 2.801054652338603107e-06 2.717736936332556047e-05 6.896190261034056938e-06
1.286414141414141341e+03 2.995024771419604753e-06 2.873122068161949644e-05 7.338688334814717757e-06
1.306515151515151501e+03 2.975528032564025023e-06 3.021342546996792257e-05 7.550979241643643159e-06
1.326616161616161662e+03 3.105545188572572858e-06 3.107545537813588500e-05 8.145284440357829131e-06
1.346717171717171595e+03 3.132311661392307874e-06 3.192332580231816759e-05 8.548584526951237238e-06
1.366818181818181756e+03 3.221287967394250266e-06 3.293884378011371379e-05 9.306093084386432991e-06
1.386919191919191917e+03 3.301899088828661405e-06 3.527873417578790313e-05 9.841216248258748630e-06
1.407020202020201850e+03 3.140619562101845197e-06 3.570052932529197922e-05 1.019718929745964751e-05
1.427121212121212011e+03 3.169782509833001523e-06 3.591649518467424356e-05 1.118723005157941974e-05
1.447222222222222172e+03 3.204180066928458294e-06 3.817182699060284016e-05 1.193964408817945055e-05
1.467323232323232332e+03 3.305340058762356945e-06 3.958282820165127009e-05 1.280195168218999823e-05
1.487424242424242493e+03 3.368854297280797527e-06 4.032716870379292150e-05 1.395211934218797341e-05
1.507525252525252426e+03 3.326923363575606757e-06 4.192994053907095385e-05 1.514081896550553639e-05
1.527626262626262587e+03 3.560687703500739226e-06 4.331997636267009188e-05 1.561373522211664171e-05
1.547727272727272748e+03 3.577303318335516953e-06 4.652641129735840292e-05 1.660537152981657685e-05
1.567828282828282681e+03 3.564005645260881629e-06 4.906958997521952383e-05 1.827337978640103408e-05
1.587929292929292842e+03 3.638719704907856583e-06 5.195686250020622673e-05 2.043245922961668218e-05
1.608030303030303003e+03 3.607576590942359286e-06 5.737791921296137287e-05 2.177224047471608225e-05
1.628131313131313163e+03 3.608550693904746201e-06 5.898288639376071685e-05 2.356885998959462836e-05
1.648232323232323097e+03 3.696763491591599714e-06 6.458895284974769781e-05 2.607850667954861185e-05
1.668333333333333258e+03 3.807260938114811003e-06 6.521416227746399796e-05 2.814623179038043584e-05
1.688434343434343418e+03 3.682184039290620705e-06 6.748183035004775329e-05 2.951314011310351981e-05
1.708535353535353352e+03 3.738675045743683800e-06 7.277427102331304992e-05 3.239648750771278020e-05
1.728636363636363512e+03 3.903729150454114338e-06 7.512838619191974151e-05 3.591838522969032800e-05
1.748737373737373673e+03 3.858879923105907634e-06 7.779449367883019099e-05 4.023255073835078834e-05
1.768838383838383834e+03 3.926514626310840682e-06 7.963433233510248857e-05 4.298150977240020309e-05
1.788939393939393995e+03 4.022964771330736364e-06 8.500207176994661786e-05 4.824417447713476054e-05
1.809040404040403928e+03 4.128874854913600444e-06 9.006759556229025653e-05 5.333392530852830476e-05
1.829141414141414089e+03 4.070293881961087578e-06 9.657081058096994531e-05 5.745630856816339149e-05
1.849242424242424249e+03 4.068429302060210144e-06 1.031585720310045453e-04 6.565868769226885354e-05
1.869343434343434183e+03 4.273721616649290467e-06 1.085218651848644794e-04 7.017229111894990171e-05
1.889444444444444343e+03 4.233669406539371940e-06 1.187326097976251158e-04 7.747665277365727325e-05
1.909545454545454504e+03 4.425882478579974913e-06 1.239367296115086072e-04 8.606156506094287577e-05
1.929646464646464665e+03 4.513172606551732900e-06 1.339635769657019314e-04 9.850752547600351403e-05
1.949747474747474598e+03 4.574952158469113654e-06 1.441430260892403927e-04 1.060040042359381080e-04
1.969848484848484759e+03 4.806570846905274276e-06 1.591075045278110426e-04 1.195829222545088943e-04
1.989949494949494920e+03 4.925829234978078557e-06 1.701093959885236222e-04 1.304599917269915496e-04
