2.005050505050505194e+01 3.517829576350327473e-07 3.402714844340064991e-07 4.097698646129726296e-07
4.015151515151514872e+01 3.577689184453976104e-07 3.524441080950769840e-07 4.058172020379516074e-07
6.025252525252524549e+01 3.640275300356764964e-07 3.705845017631465587e-07 3.987016041049215859e-07
8.035353535353534937e+01 3.778107399950494669e-07 4.012925007768055828e-07 3.948735365900746008e-07
1.004545454545454533e+02 4.000944928374514897e-07 4.515168248206567409e-07 3.940562363747080801e-07
1.205555555555555429e+02 4.263411741461512619e-07 5.213008362480535501e-07 3.911929730941860228e-07
1.406565656565656468e+02 4.580931327332968839e-07 6.184709641993492123e-07 3.876813404989860818e-07
1.607575757575757507e+02 4.962539303033695903e-07 7.591138048954248471e-07 3.847262219292612459e-07
1.808585858585858546e+02 5.394343872446483003e-07 9.634383944090647160e-07 3.815414805575246918e-07
2.009595959595959584e+02 5.854482900133868087e-07 1.261824406458211526e-06 3.802614990770313233e-07
2.210606060606060623e+02 6.352443645548822483e-07 1.713675931419964692e-06 3.817411735047931982e-07
2.411616161616161662e+02 6.858843701624002718e-07 2.422435286895363566e-06 3.864142163338807185e-07
2.612626262626262132e+02 7.334471430723886589e-07 3.503925918933242927e-06 3.946158558474326093e-07
2.813636363636363740e+02 7.765047950761492427e-07 5.069599484000914750e-06 4.073118890777846062e-07
3.014646464646464210e+02 8.135636800579062385e-07 7.081261843585693680e-06 4.245159330736238485e-07
3.215656565656565817e+02 8.421753875754244575e-07 8.893834032790862038e-06 4.449864667148914215e-07
3.416666666666666288e+02 8.624045549320549338e-07 9.797304041452312983e-06 4.674408251077771443e-07
3.617676767676767895e+02 8.780527298115414767e-07 9.740716727799463557e-06 4.917106481141354349e-07
3.818686868686868365e+02 8.896922425726489602e-07 9.212099851078434250e-06 5.153676083062068511e-07
4.019696969696969973e+02 9.000614244489584894e-07 8.692597817577837855e-06 5.379039311283306116e-07
4.220707070707070443e+02 9.108948566988212516e-07 8.405174711316233682e-06 5.578302643605445149e-07
4.421717171717172050e+02 9.235052270549007974e-07 8.409444009692026962e-06 5.760182618536265004e-07
4.622727272727272521e+02 9.406775380632589543e-07 8.746168513104365290e-06 5.924459795390848680e-07
4.823737373737373559e+02 9.603948100621582063e-07 9.413670806532789176e-06 6.087013499252933001e-07
5.024747474747474030e+02 9.853139588401996522e-07 1.048698319604130658e-05 6.276315420574364549e-07
5.225757575757575069e+02 1.014065324497964058e-06 1.193438595265893605e-05 6.503935588278156542e-07
5.426767676767676676e+02 1.045279359802658537e-06 1.367193326325101015e-05 6.787660250547677369e-07
5.627777777777778283e+02 1.077876453500384620e-06 1.555047172730653451e-05 7.140450106445664193e-07
5.828787878787878753e+02 1.112098153938017503e-06 1.732321689997182970e-05 7.580303052832781124e-07
6.029797979797979224e+02 1.145581019558220926e-06 1.865166894277070497e-05 8.105190546259716324e-07
6.230808080808080831e+02 1.177134132077146556e-06 1.932099215451237392e-05 8.710741354368389207e-07
6.431818181818182438e+02 1.207355214509098389e-06 1.943868897956691307e-05 9.390335935624019470e-07
6.632828282828281772e+02 1.235666876958762731e-06 1.920449477869259683e-05 1.012093078496340238e-06
6.833838383838383379e+02 1.262597041527351016e-06 1.886959856416277857e-05 1.087112441191498968e-06
7.034848484848484986e+02 1.290144285394129688e-06 1.856920628151038843e-05 1.162412161857121157e-06
7.235858585858585457e+02 1.318140664633853227e-06 1.842474193017317358e-05 1.233295876745582522e-06
7.436868686868685927e+02 1.347757722735897554e-06 1.846387807228916733e-05 1.297160637790831978e-06
7.637878787878787534e+02 1.381005418949260035e-06 1.866483284465868218e-05 1.359450571875939449e-06
7.838888888888889142e+02 1.418105297398672227e-06 1.898871023630837617e-05 1.422147211975378510e-06
8.039898989898989612e+02 1.460573002208044149e-06 1.935961030046061206e-05 1.490126301996158331e-06
8.240909090909090082e+02 1.508697641291004597e-06 1.971797253974291264e-05 1.569847032808794623e-06
8.441919191919191690e+02 1.561090362957472651e-06 1.997747668095790856e-05 1.664165446363028689e-06
8.642929292929293297e+02 1.617505673661089214e-06 2.012724489913555629e-05 1.779303614613835498e-06
8.843939393939393767e+02 1.677781780569560231e-06 2.017217017886754194e-05 1.920763558391343242e-06
9.044949494949494238e+02 1.740319231888634201e-06 2.013176535050062780e-05 2.093675381513229457e-06
9.245959595959595845e+02 1.803707543321809552e-06 2.006237383986697977e-05 2.297191499483408879e-06
9.446969696969697452e+02 1.863775411711705571e-06 2.004278810020513720e-05 2.521085100412089620e-06
9.647979797979796786e+02 1.921974949844013331e-06 2.008789356214029547e-05 2.762000272178851553e-06
9.848989898989898393e+02 1.978856490809132192e-06 2.024417589991966856e-05 3.012829991927763055e-06
1.005000000000000000e+03 2.033046959188538143e-06 2.050392572715250674e-05 3.257368449675555511e-06
1.025101010101009933e+03 2.086033450191727198e-06 2.084014922823011515e-05 3.483820422679930889e-06
1.045202020202020094e+03 2.138451586758145598e-06 2.122514526580414730e-05 3.686495914144314493e-06
1.065303030303030255e+03 2.191592263380851744e-06 2.162764473931946019e-05 3.873433896361030192e-06
1.085404040404040416e+03 2.245990224504209784e-06 2.200968735434399366e-05 4.047799206510252119e-06
1.105505050505050349e+03 2.304268416330770069e-06 2.237985377006208458e-05 4.231760508835067098e-06
1.125606060606060510e+03 2.366544572218537917e-06 2.271608112933590586e-05 4.428869543251491933e-06
1.145707070707070670e+03 2.429148296090965862e-06 2.303597941642293207e-05 4.642694955166082037e-06
1.165808080808080831e+03 2.494062117736103485e-06 2.339608115817203829e-05 4.886751858458103387e-06
1.185909090909090992e+03 2.560544338426296850e-06 2.383879857908045158e-05 5.162279733628181409e-06
1.206010101010100925e+03 2.628431207688559776e-06 2.441331644051235501e-05 5.477345404861435061e-06
1.226111111111111086e+03 2.695366317864018666e-06 2.513466848083338820e-05 5.827787952119092671e-06
1.246212121212121247e+03 2.760791241424615700e-06 2.604424316847351293e-05 6.212075446745939851e-06
1.266313131313131180e+03 2.823519070325689338e-06 2.709915986264807843e-05 6.622594876279655092e-06
1.286414141414141341e+03 2.883343928590839035e-06 2.830254950835503903e-05 7.061512527476889166e-06
1.306515151515151501e+03 2.940894427206862688e-06 2.965858970965677403e-05 7.535699823333697530e-06
1.326616161616161662e+03 2.993609514673654634e-06 3.102727513989194850e-05 8.028493035173927753e-06
1.346717171717171595e+03 3.042456350417244131e-06 3.232309441547628019e-05 8.538722659233964279e-06
1.366818181818181756e+03 3.089139434661909553e-06 3.353606935155979235e-05 9.081239780149774342e-06
1.386919191919191917e+03 3.133043684124520168e-06 3.463517280130587369e-05 9.666628463033506434e-06
1.407020202020201850e+03 3.176132889353002831e-06 3.563877812194948304e-05 1.029862261749556525e-05
1.427121212121212011e+03 3.219058888166027951e-06 3.657551775106091142e-05 1.099141976635880172e-05
1.447222222222222172e+03 3.262419501981755446e-06 3.753073511482123717e-05 1.175842745752248964e-05
1.467323232323232332e+03 3.305880411760605691e-06 3.862880305708596852e-05 1.260054938288791296e-05
1.487424242424242493e+03 3.350187403909471412e-06 3.994428990025252163e-05 1.352768657222719804e-05
1.507525252525252426e+03 3.396358285729976785e-06 4.159705143152465635e-05 1.456754549704186126e-05
1.527626262626262587e+03 3.441452515784958363e-06 4.366497468098415064e-05 1.572658882873649011e-05
1.547727272727272748e+03 3.485234399203451865e-06 4.611026773172863003e-05 1.697923497134296863e-05
1.567828282828282681e+03 3.526468083629492420e-06 4.895264933964613439e-05 1.835324653461253730e-05
1.587929292929292842e+03 3.564452140550464219e-06 5.214275672467094501e-05 1.987850199607774784e-05
1.608030303030303003e+03 3.599184493953189216e-06 5.555660368635602592e-05 2.154527465997426648e-05
1.628131313131313163e+03 3.630375879682575850e-06 5.907537402868585067e-05 2.340129227506207473e-05
1.648232323232323097e+03 3.659363739397274470e-06 6.253640178729130271e-05 2.543972882094818104e-05
1.668333333333333258e+03 3.685833113065208071e-06 6.584339958584265818e-05 2.769910090126141326e-05
1.688434343434343418e+03 3.711447767905118553e-06 6.891643638478585300e-05 3.018019422191089881e-05
1.708535353535353352e+03 3.738956730229206759e-06 7.185320358087960303e-05 3.302186861759547488e-05
1.728636363636363512e+03 3.770013883984864237e-06 7.476955896665066388e-05 3.618141108383951998e-05
1.748737373737373673e+03 3.805635739790109982e-06 7.768315117480820782e-05 3.963215777045431005e-05
1.768838383838383834e+03 3.847533223595644508e-06 8.091630729366654196e-05 4.344938801055019340e-05
1.788939393939393995e+03 3.897054427342782684e-06 8.468801015120825629e-05 4.770191296135158781e-05
1.809040404040403928e+03 3.953031465054084108e-06 8.915960231290902564e-05 5.240633859972108926e-05
1.829141414141414089e+03 4.017693465267636149e-06 9.452469754988812264e-05 5.766495456217802883e-05
1.849242424242424249e+03 4.090994712442378806e-06 1.009764678096624713e-04 6.361924887431635314e-05
1.869343434343434183e+03 4.170868562208940420e-06 1.082382152341957170e-04 7.021194130272390014e-05
1.889444444444444343e+03 4.256944659360003575e-06 1.165476238770363297e-04 7.762237797900780343e-05
1.909545454545454504e+03 4.350040687137850971e-06 1.258551051429273985e-04 8.619410011782401970e-05
1.929646464646464665e+03 4.447795212449382318e-06 1.355797744587172466e-04 9.582367878380008974e-05
1.949747474747474598e+03 4.546365091393336583e-06 1.453643630460076032e-04 1.064341529484098418e-04
1.969848484848484759e+03 4.648754144361128220e-06 1.553951341564158335e-04 1.183544217065723303e-04
1.989949494949494920e+03 4.755344143537062680e-06 1.656662683119321299e-04 1.318258740606929565e-04
