2.005050505050505194e+01 5.149041921027468943e-07 5.506042795459560700e-07 5.448801065541921707e-07
4.015151515151514872e+01 4.608828003070658290e-07 5.491675293090287707e-07 5.963581988315139297e-07
6.025252525252524549e+01 5.226412483620503640e-07 5.468388799673355562e-07 5.189577442028061095e-07
8.035353535353534937e+01 4.556361576236095364e-07 4.613047282599901256e-07 5.135015086219308743e-07
1.004545454545454533e+02 6.176485489182939901e-07 5.872250831529739409e-07 5.684562599860917009e-07
1.205555555555555429e+02 5.893258566283882263e-07 6.625266719893427261e-07 4.738145789213565571e-07
1.406565656565656468e+02 5.517888052310187066e-07 7.372944916039150547e-07 4.295100175076123347e-07
1.607575757575757507e+02 5.707142402065376367e-07 8.581847429347281958e-07 4.867309969323833004e-07
1.808585858585858546e+02 5.966955922966392370e-07 1.174477995787689235e-06 4.294570107113375167e-07
2.009595959595959584e+02 6.383302713261118167e-07 1.345155979606870448e-06 4.221279335543803656e-07
2.210606060606060623e+02 6.754363031006545146e-07 1.728457020806324752e-06 4.608210600396537947e-07
2.411616161616161662e+02 7.032431334404319057e-07 2.486973058911530234e-06 3.928926395473192960e-07
2.612626262626262132e+02 7.827753731917595470e-07 3.922300957668932935e-06 4.548589980121084447e-07
2.813636363636363740e+02 8.509594452141006432e-07 5.143467574200945305e-06 4.481293312493209039e-07
3.014646464646464210e+02 8.937402760700040998e-07 6.903500699705827630e-06 4.496363671507709099e-07
3.215656565656565817e+02 8.596748487450774225e-07 9.215600822549490739e-06 4.757324577881408686e-07
3.416666666666666288e+02 9.419493178646511248e-07 1.008178654029952235e-05 5.298227213155643870e-07
3.617676767676767895e+02 8.668918792825025236e-07 1.020292205145639810e-05 5.285978174591124286e-07
3.818686868686868365e+02 8.711184671516113591e-07 9.298668438166674566e-06 5.685625080410869171e-07
4.019696969696969973e+02 8.775208677690014736e-07 9.188605581833571284e-06 5.716605636754765377e-07
4.220707070707070443e+02 9.217280123574656622e-07 8.349999309573369758e-06 5.731887261071409298e-07
4.421717171717172050e+02 9.930473790167281430e-07 8.304333048443326748e-06 5.953365718639982080e-07
4.622727272727272521e+02 9.343622120674870728e-07 8.798445457216341902e-06 5.969818598927298550e-07
4.823737373737373559e+02 9.841268540658348235e-07 9.583706792833718757e-06 6.468311957318987990e-07
5.024747474747474030e+02 9.800695734005205881e-07 1.059170138680200161e-05 6.203807906802424265e-07
5.225757575757575069e+02 1.049690479002836464e-06 1.252497007028574783e-05 6.753841267202841431e-07
5.426767676767676676e+02 1.053934626162478932e-06 1.378271570773142872e-05 6.530883350592675063e-07
5.627777777777778283e+02 1.113889607024070699e-06 1.503457761959948866e-05 7.256074716045697479e-07
5.828787878787878753e+02 1.107561907542026318e-06 1.754929240570444440e-05 7.468762786438693682e-07
6.029797979797979224e+02 1.171705642631470337e-06 1.818150286028552052e-05 8.313382784913584445e-07
6.230808080808080831e+02 1.126988836870391490e-06 1.955803488792035022e-05 8.489561802565480815e-07
6.431818181818182438e+02 1.254815642446881695e-06 2.011810118398253141e-05 9.679047943814309048e-07
6.632828282828281772e+02 1.191288793264601484e-06 1.889075720129411833e-05 1.006563367140797224e-06
6.833838383838383379e+02 1.298196556741990398e-06 1.927887282657822585e-05 1.089364448501621696e-06
7.034848484848484986e+02 1.395492306440498490e-06 1.945627345770192194e-05 1.144079257799850052e-06
7.235858585858585457e+02 1.297911064943557435e-06 1.797147623313158856e-05 1.221047997950784298e-06
7.436868686868685927e+02 1.410721140479308762e-06 1.883975412045863195e-05 1.332181248071105752e-06
7.637878787878787534e+02 1.428883606361113888e-06 1.791469831002950278e-05 1.435161928866830649e-06
7.838888888888889142e+02 1.356186992644713904e-06 1.933814660651786012e-05 1.411896464129143799e-06
8.039898989898989612e+02 1.426378183629351162e-06 1.896072017734124271e-05 1.491405556636529866e-06
8.240909090909090082e+02 1.530679603531125056e-06 1.979816819358650568e-05 1.562274011136140341e-06
8.441919191919191690e+02 1.510315651117660381e-06 2.022620010956431439e-05 1.725834445788191653e-06
8.642929292929293297e+02 1.664928108332844600e-06 1.977161559673336957e-05 1.746463115017163488e-06
8.843939393939393767e+02 1.652912637534131650e-06 2.009968354303478440e-05 1.969485285486151421e-06
9.044949494949494238e+02 1.708261885141609013e-06 2.025460052520084857e-05 2.028378938784412193e-06
9.245959595959595845e+02 1.842766128860204640e-06 1.962654117972368931e-05 2.306533015336666665e-06
9.446969696969697452e+02 1.867575032304252093e-06 1.975126188414729004e-05 2.465529858966358757e-06
9.647979797979796786e+02 1.939197462109663137e-06 2.017152287403654236e-05 2.818917599123246488e-06
9.848989898989898393e+02 1.956623911176738566e-06 2.012441804576065263e-05 3.009899640370868443e-06
1.005000000000000000e+03 2.074198570508567137e-06 2.079456780623352384e-05 3.270950812099119350e-06
1.025101010101009933e+03 2.097999158674404439e-06 2.068121771638286289e-05 3.422214873402860396e-06
1.045202020202020094e+03 2.198898720247789158e-06 2.181772965256480317e-05 3.754178666812181666e-06
1.065303030303030255e+03 2.253680713040100168e-06 2.158718660090705736e-05 3.882697528394174867e-06
1.085404040404040416e+03 2.210945149332333020e-06 2.147668272748058389e-05 4.014757953010944008e-06
1.105505050505050349e+03 2.368933754276829568e-06 2.251011407144498427e-05 4.292854556218383642e-06
1.125606060606060510e+03 2.466182383044213783e-06 2.254532090530340368e-05 4.458111683028362751e-06
1.145707070707070670e+03 2.444716369547237548e-06 2.389043584046217039e-05 4.583342717280501387e-06
1.165808080808080831e+03 2.447059599205216096e-06 2.259205727120138185e-05 4.860613229639974175e-06
1.185909090909090992e+03 2.479947022575500726e-06 2.368775075015306636e-05 5.255442105865685739e-06
1.206010101010100925e+03 2.599231615353082770e-06 2.426095240728420087e-05 5.448121780178264227e-06
1.226111111111111086e+03 2.723323076569085119e-06 2.454694147362127365e-05 5.862850157174754490e-06
1.246212121212121247e+03 2.764979555055828207e-06 2.716369495635349520e-05 6.393692219690196455e-06
1.266313131313131180e+03 2.875333013127662295e-06 2.745965429761112282e-05 6.698184123747730818e-06
1.286414141414141341e+03 2.905255551159720097e-06 2.802655143070246696e-05 6.877837328377667764e-06
1.306515151515151501e+03 2.874097263044531128e-06 2.972196187120360942e-05 7.370225316103520241e-06
1.326616161616161662e+03 3.003980217443836876e-06 3.118600764424614636e-05 8.257114918470975106e-06
1.346717171717171595e+03 2.996449255423944508e-06 3.218779878939065933e-05 8.498563019023008843e-06
1.366818181818181756e+03 3.042601971150762915e-06 3.332389758927256082e-05 8.946476253769845334e-06
1.386919191919191917e+03 3.178114025141551127e-06 3.415566009023855292e-05 9.783047290530338757e-06
1.407020202020201850e+03 3.193063386000809267e-06 3.607496603992700168e-05 1.047311182325826876e-05
1.427121212121212011e+03 3.153712915720119381e-06 3.578703877324987100e-05 1.083802156729636013e-05
1.447222222222222172e+03 3.290373981564499427e-06 3.648873987279330135e-05 1.140792563899890395e-05
1.467323232323232332e+03 3.336081360142068028e-06 3.934783988958122445e-05 1.234608629205376550e-05
1.487424242424242493e+03 3.342024551758805734e-06 4.113863094573019005e-05 1.360131432468404728e-05
1.507525252525252426e+03 3.395059673192398922e-06 4.051336774269061815e-05 1.438673122457424558e-05
1.527626262626262587e+03 3.351888451231700965e-06 4.289051415301273809e-05 1.594488484354355775e-05
1.547727272727272748e+03 3.503300270470252268e-06 4.662965560126051885e-05 1.728961878205040965e-05
1.567828282828282681e+03 3.527466474681675429e-06 4.880958503548861373e-05 1.769094467841513928e-05
1.587929292929292842e+03 3.541682281249324892e-06 5.201810136025425803e-05 1.961880849205737123e-05
1.608030303030303003e+03 3.666583190639398045e-06 5.503891816960676205e-05 2.166025769017236485e-05
1.628131313131313163e+03 3.594450926610627454e-06 5.852293881173797099e-05 2.356800359987087137e-05
1.648232323232323097e+03 3.680465403895679877e-06 6.309762638753905572e-05 2.529011366322911778e-05
1.668333333333333258e+03 3.752356058638928717e-06 6.622633033056631220e-05 2.741594167033941640e-05
1.688434343434343418e+03 3.639004351454309107e-06 6.991060933155179488e-05 2.923025999852113898e-05
1.708535353535353352e+03 3.713205860203912123e-06 7.129843127366889788e-05 3.225981091621533194e-05
1.728636363636363512e+03 3.739243429284727599e-06 7.482955864752343473e-05 3.571031280408770811e-05
1.748737373737373673e+03 3.737917420258012920e-06 7.549935075158241795e-05 3.913669111064574168e-05
1.768838383838383834e+03 3.842566312037363516e-06 8.025238241704745433e-05 4.266574084095853844e-05
1.788939393939393995e+03 3.944443212919633339e-06 8.668938553352556486e-05 4.783077506820419860e-05
1.809040404040403928e+03 4.028463279100464823e-06 8.803860830906882031e-05 5.104909728095407672e-05
1.829141414141414089e+03 4.074471074684735095e-06 9.909975053694365101e-05 5.712611449942418509e-05
1.849242424242424249e+03 4.184666611063054024e-06 9.909204705193815738e-05 6.171921237189777394e-05
1.869343434343434183e+03 4.116243855364406305e-06 1.097557125558751664e-04 7.087212048235270014e-05
1.889444444444444343e+03 4.264454791551895760e-06 1.166003683497602683e-04 7.735406958844769380e-05
1.909545454545454504e+03 4.257390256259967445e-06 1.233179114874895558e-04 8.649767623917761956e-05
1.929646464646464665e+03 4.403677734558785718e-06 1.329619900103742338e-04 9.345056845454826613e-05
1.949747474747474598e+03 4.403303008393361838e-06 1.475977009848503422e-04 1.059473030213144281e-04
1.969848484848484759e+03 4.679151747813169846e-06 1.512913933760119526e-04 1.157247741462623586e-04
1.989949494949494920e+03 4.728170549659879005e-06 1.656295011012646860e-04 1.324969020021109830e-04
