2.005050505050505194e+01 3.537761424667288287e-07 3.482723367183922383e-07 4.169501913433352655e-07
4.015151515151514872e+01 3.609469653513272584e-07 3.597824619676578405e-07 4.130597324541977555e-07
6.025252525252524549e+01 3.676398350099494199e-07 3.768310604908056185e-07 4.049283163295896711e-07
8.035353535353534937e+01 3.821042291254341463e-07 4.085166635434767468e-07 4.014302272826193107e-07
1.004545454545454533e+02 4.049619068264898836e-07 4.582911671824991324e-07 4.004569100720837627e-07
1.205555555555555429e+02 4.328228698553266292e-07 5.285638708622968241e-07 3.976680520030464743e-07
1.406565656565656468e+02 4.654323078549507038e-07 6.260808265219363392e-07 3.942746930306283142e-07
1.607575757575757507e+02 5.043052706173767339e-07 7.665515894470613810e-07 3.908263408139802635e-07
1.808585858585858546e+02 5.486309291484526800e-07 9.734249767278234777e-07 3.883260765148976077e-07
2.009595959595959584e+02 5.951401797533467440e-07 1.275907243277414777e-06 3.865643734499734116e-07
2.210606060606060623e+02 6.452166302729352520e-07 1.735636131674783758e-06 3.883425493033421693e-07
2.411616161616161662e+02 6.960688202757455075e-07 2.455305065848183297e-06 3.927813904224483787e-07
2.612626262626262132e+02 7.432767046584297630e-07 3.552475863674015965e-06 4.011681090392458499e-07
2.813636363636363740e+02 7.865763223138512159e-07 5.139252042116718984e-06 4.136968448868027771e-07
3.014646464646464210e+02 8.225547280530133192e-07 7.179921218870178292e-06 4.307009661640841742e-07
3.215656565656565817e+02 8.502936871180251539e-07 9.029166112375122712e-06 4.511032186354775578e-07
3.416666666666666288e+02 8.706030132937579063e-07 9.965673835735638157e-06 4.739673440088758486e-07
3.617676767676767895e+02 8.862011074106573223e-07 9.905117781607894643e-06 4.984893516564396158e-07
3.818686868686868365e+02 8.975664069795920109e-07 9.351949384268709109e-06 5.226079221577665818e-07
4.019696969696969973e+02 9.083544391404238350e-07 8.815779592332659512e-06 5.454645301716334226e-07
4.220707070707070443e+02 9.200459934717949757e-07 8.518649704520330588e-06 5.655443895410840180e-07
4.421717171717172050e+02 9.334910837500752969e-07 8.520118490041071686e-06 5.836951797137462786e-07
4.622727272727272521e+02 9.509150352060802406e-07 8.855768033357526214e-06 6.011076879285790205e-07
4.823737373737373559e+02 9.720210523495919867e-07 9.537535652393682175e-06 6.175650590920159555e-07
5.024747474747474030e+02 9.971283327648121144e-07 1.063767730716345425e-05 6.363433534769646555e-07
5.225757575757575069e+02 1.026596494109721506e-06 1.213440277994491803e-05 6.596124131514111958e-07
5.426767676767676676e+02 1.058149584529597989e-06 1.392808277383968894e-05 6.875123382123367116e-07
5.627777777777778283e+02 1.091316493113501824e-06 1.587608182493223816e-05 7.225073570401064512e-07
5.828787878787878753e+02 1.125581468028682629e-06 1.770420133906924889e-05 7.665734485156460522e-07
6.029797979797979224e+02 1.159587887503210926e-06 1.908955709703015168e-05 8.189574762603444953e-07
6.230808080808080831e+02 1.191910174903886467e-06 1.981532917120073313e-05 8.792198164866352265e-07
6.431818181818182438e+02 1.222298020310689300e-06 1.995521917646763595e-05 9.472005356751453387e-07
6.632828282828281772e+02 1.251672075018712487e-06 1.972230131434199923e-05 1.021112716111609953e-06
6.833838383838383379e+02 1.279548935530579474e-06 1.934094215590569538e-05 1.096499980654705790e-06
7.034848484848484986e+02 1.307828694554249133e-06 1.899877171145179772e-05 1.172766994424699713e-06
7.235858585858585457e+02 1.337042356743447366e-06 1.881387005003362718e-05 1.244937585151214020e-06
7.436868686868685927e+02 1.367744813576768960e-06 1.883884739637820734e-05 1.310630664504004989e-06
7.637878787878787534e+02 1.402177422881736673e-06 1.903671028348406612e-05 1.374784453363515187e-06
7.838888888888889142e+02 1.440538773077418762e-06 1.936051043310052885e-05 1.438603172563460236e-06
8.039898989898989612e+02 1.483704552295508910e-06 1.973992546954025164e-05 1.508074343676206951e-06
8.240909090909090082e+02 1.532132078246669775e-06 2.010383253527477969e-05 1.588372001636203992e-06
8.441919191919191690e+02 1.584755117593003299e-06 2.038888059617617360e-05 1.683104950457815577e-06
8.642929292929293297e+02 1.640549810073399701e-06 2.053802282881720122e-05 1.798839815569026513e-06
8.843939393939393767e+02 1.700886257883132969e-06 2.057881913160144449e-05 1.940638112313680731e-06
9.044949494949494238e+02 1.764229414238778543e-06 2.051752184204869582e-05 2.115986075324189301e-06
9.245959595959595845e+02 1.828337090131122822e-06 2.043385610347079429e-05 2.322417550552968856e-06
9.446969696969697452e+02 1.889672560619189424e-06 2.039988101117983099e-05 2.548889538284375874e-06
9.647979797979796786e+02 1.949093078412838975e-06 2.043855625670936807e-05 2.791700183116026381e-06
9.848989898989898393e+02 2.006945833413725971e-06 2.058351703657796607e-05 3.044495724788209452e-06
1.005000000000000000e+03 2.063745923452939508e-06 2.082996791046149690e-05 3.291681617365001202e-06
1.025101010101009933e+03 2.118763074340657628e-06 2.116492935524484279e-05 3.519699816266442809e-06
1.045202020202020094e+03 2.173037777310098674e-06 2.153519480328824952e-05 3.724823434438793547e-06
1.065303030303030255e+03 2.229035038578000043e-06 2.194415627979520153e-05 3.910944225556480238e-06
1.085404040404040416e+03 2.286224768291815852e-06 2.232279776751126233e-05 4.088474697196015197e-06
1.105505050505050349e+03 2.346739635416571870e-06 2.268406880135622565e-05 4.272595769809193208e-06
1.125606060606060510e+03 2.410686527106714290e-06 2.301030687371206121e-05 4.469917447362381496e-06
1.145707070707070670e+03 2.475212318544327127e-06 2.332267636154946818e-05 4.685128678490932138e-06
1.165808080808080831e+03 2.541405659066482577e-06 2.369274641956994740e-05 4.929714409099173650e-06
1.185909090909090992e+03 2.608773385495445483e-06 2.413600223942900016e-05 5.203170498475248936e-06
1.206010101010100925e+03 2.677030808623463157e-06 2.470542592287110439e-05 5.517609003810692755e-06
1.226111111111111086e+03 2.745069773284687906e-06 2.544941018878559333e-05 5.866707329545168081e-06
1.246212121212121247e+03 2.810198733381406404e-06 2.636019114586388891e-05 6.248155626968189498e-06
1.266313131313131180e+03 2.873412664305982686e-06 2.744086178695629872e-05 6.656940550434540271e-06
1.286414141414141341e+03 2.932955101555888020e-06 2.864906994057888145e-05 7.092458045665918270e-06
1.306515151515151501e+03 2.990767521060288040e-06 2.998978607991566506e-05 7.565605220269734167e-06
1.326616161616161662e+03 3.044126343622995860e-06 3.135793149389425744e-05 8.051620280468303341e-06
1.346717171717171595e+03 3.093092887017672716e-06 3.265419569958360953e-05 8.555713562520461039e-06
1.366818181818181756e+03 3.139217608909279149e-06 3.386179392732781746e-05 9.089015266041889838e-06
1.386919191919191917e+03 3.184289914279166595e-06 3.496222768999520991e-05 9.661402842655849441e-06
1.407020202020201850e+03 3.228193718757965889e-06 3.593830613352787050e-05 1.028519459036341893e-05
1.427121212121212011e+03 3.271546654656289150e-06 3.688131219767056262e-05 1.097453308273662820e-05
1.447222222222222172e+03 3.315265009847306394e-06 3.785266032078455175e-05 1.172863946166580233e-05
1.467323232323232332e+03 3.359642155077903435e-06 3.896962440120948763e-05 1.255800469604243801e-05
1.487424242424242493e+03 3.405337523765817403e-06 4.028635204050097838e-05 1.347262967225658877e-05
1.507525252525252426e+03 3.452022906489015861e-06 4.199467784680864957e-05 1.450404042457890007e-05
1.527626262626262587e+03 3.498098258855558596e-06 4.408712120962817008e-05 1.564937191737411087e-05
1.547727272727272748e+03 3.542127462089135209e-06 4.657513026199820992e-05 1.688276536013127494e-05
1.567828282828282681e+03 3.582932669574544840e-06 4.943531780680237610e-05 1.824451285383107857e-05
1.587929292929292842e+03 3.621002143962791411e-06 5.261487956849094581e-05 1.973644043877978614e-05
1.608030303030303003e+03 3.655448794210214042e-06 5.603684217248947101e-05 2.137872652505339309e-05
1.628131313131313163e+03 3.688048853362466324e-06 5.954285453258628002e-05 2.320306730027779229e-05
1.648232323232323097e+03 3.716362492373149354e-06 6.297412305305834061e-05 2.521381536220918784e-05
1.668333333333333258e+03 3.742986497146026395e-06 6.620557192863549408e-05 2.744486066874223852e-05
1.688434343434343418e+03 3.768191637903175804e-06 6.925080403558111857e-05 2.988741299032735815e-05
1.708535353535353352e+03 3.797103033072401330e-06 7.219238656624581314e-05 3.267693150756896612e-05
1.728636363636363512e+03 3.827608087700424041e-06 7.508498344784639430e-05 3.581181531464007418e-05
1.748737373737373673e+03 3.864241378618623056e-06 7.803786320050463076e-05 3.923418291233065816e-05
1.768838383838383834e+03 3.904773877100792976e-06 8.131396417445304497e-05 4.304831218900948513e-05
1.788939393939393995e+03 3.954595170380934708e-06 8.512275709576124882e-05 4.728521316997454343e-05
1.809040404040403928e+03 4.010150564502636108e-06 8.966482469859557468e-05 5.199138897634909340e-05
1.829141414141414089e+03 4.075596546270438519e-06 9.515520961952873174e-05 5.723047147635424760e-05
1.849242424242424249e+03 4.148022933847659752e-06 1.015930407849116905e-04 6.313688838131604781e-05
1.869343434343434183e+03 4.227281586287090033e-06 1.090004069109549837e-04 6.972545394245541672e-05
1.889444444444444343e+03 4.312897268202261803e-06 1.172753359625984575e-04 7.706348375271935072e-05
1.909545454545454504e+03 4.406378510142492160e-06 1.264651713727273454e-04 8.556577720988622318e-05
1.929646464646464665e+03 4.504294712013821561e-06 1.361741949472282018e-04 9.505903656659653799e-05
1.949747474747474598e+03 4.603660007246840591e-06 1.458727961019324931e-04 1.055244180501158205e-04
1.969848484848484759e+03 4.706333963045449041e-06 1.557685203243007119e-04 1.173142104455010678e-04
1.989949494949494920e+03 4.813484548609604544e-06 1.659142007916904280e-04 1.305718126612149133e-04
