2.005050505050505194e+01 3.536945544459989930e-07 3.415718644680873400e-07 4.046519105112468065e-07
4.015151515151514872e+01 3.593179307338763064e-07 3.532834085644311234e-07 4.015875442107869773e-07
6.025252525252524549e+01 3.662079448726933353e-07 3.717007724624171708e-07 3.943771515618259989e-07
8.035353535353534937e+01 3.805656458104565862e-07 4.026002383339233454e-07 3.911401992799555339e-07
1.004545454545454533e+02 4.034602641072876208e-07 4.530137817252825578e-07 3.908213911044116520e-07
1.205555555555555429e+02 4.307020943921535281e-07 5.216719999603412699e-07 3.881016425548736169e-07
1.406565656565656468e+02 4.639636050048920201e-07 6.187613504262717561e-07 3.849577091994105892e-07
1.607575757575757507e+02 5.030012252163653427e-07 7.584241508635650754e-07 3.823139635462325585e-07
1.808585858585858546e+02 5.477664925451801247e-07 9.623889107260238025e-07 3.803263810706096916e-07
2.009595959595959584e+02 5.953507626204972202e-07 1.261018365331010626e-06 3.792560661287925170e-07
2.210606060606060623e+02 6.463747646291164701e-07 1.714059289927145375e-06 3.807864460176604607e-07
2.411616161616161662e+02 6.975893120780892188e-07 2.426312373873161218e-06 3.853395254153831630e-07
2.612626262626262132e+02 7.447569154247640861e-07 3.515597970858446613e-06 3.939076311524027148e-07
2.813636363636363740e+02 7.877481533102407127e-07 5.091351964405190807e-06 4.063822718006608011e-07
3.014646464646464210e+02 8.237582512362574150e-07 7.119771857445545134e-06 4.230547903824659529e-07
3.215656565656565817e+02 8.510754808410745834e-07 8.944209613946586308e-06 4.427592599256709973e-07
3.416666666666666288e+02 8.703379782541345216e-07 9.848888927394405660e-06 4.650135423755608467e-07
3.617676767676767895e+02 8.854025257821236228e-07 9.770960107530264168e-06 4.890180587871986098e-07
3.818686868686868365e+02 8.962862897285618626e-07 9.232124850095796274e-06 5.129661002510934487e-07
4.019696969696969973e+02 9.069504307258220326e-07 8.708763949202971900e-06 5.362547266882898064e-07
4.220707070707070443e+02 9.181582765198802394e-07 8.410789373656332266e-06 5.566404285773686837e-07
4.421717171717172050e+02 9.316492716486285128e-07 8.411521232830429195e-06 5.749519761595329030e-07
4.622727272727272521e+02 9.494122521274427170e-07 8.740556094834340989e-06 5.923215093320910400e-07
4.823737373737373559e+02 9.703013350658224260e-07 9.415380498441963873e-06 6.094997069449496819e-07
5.024747474747474030e+02 9.960051036228487971e-07 1.049002929827357610e-05 6.293671777108873369e-07
5.225757575757575069e+02 1.025336394468169341e-06 1.194078431838459463e-05 6.532522223341105214e-07
5.426767676767676676e+02 1.056761033094344630e-06 1.367124491468727719e-05 6.821357997685682089e-07
5.627777777777778283e+02 1.089485354377221602e-06 1.555221017909247960e-05 7.172321161391527137e-07
5.828787878787878753e+02 1.123386717878180154e-06 1.730899525132914899e-05 7.615847294298415032e-07
6.029797979797979224e+02 1.156743217899812037e-06 1.862646159256335049e-05 8.138020659822381673e-07
6.230808080808080831e+02 1.187743742631357119e-06 1.930970755384615515e-05 8.732069808135936470e-07
6.431818181818182438e+02 1.217467842567211394e-06 1.945226891999518208e-05 9.400742741105497299e-07
6.632828282828281772e+02 1.245519800097899871e-06 1.922975366079650588e-05 1.012329820402572097e-06
6.833838383838383379e+02 1.272498862923436160e-06 1.889116054532870553e-05 1.086214702308065929e-06
7.034848484848484986e+02 1.299847043937808730e-06 1.860230531709167298e-05 1.161426028103533455e-06
7.235858585858585457e+02 1.328354083459118586e-06 1.844883469597626100e-05 1.233059707328484195e-06
7.436868686868685927e+02 1.358649390655245859e-06 1.847121888385093127e-05 1.298986262908814372e-06
7.637878787878787534e+02 1.392331512049291977e-06 1.865238998102199353e-05 1.362619061940958621e-06
7.838888888888889142e+02 1.430335370251397971e-06 1.896527818457413331e-05 1.427328198873968474e-06
8.039898989898989612e+02 1.473299188533264796e-06 1.932416991739041996e-05 1.497614865093305226e-06
8.240909090909090082e+02 1.521350791142302658e-06 1.969500968128365457e-05 1.578135097657246663e-06
8.441919191919191690e+02 1.573415599555616542e-06 1.997569511139977644e-05 1.672907153140834380e-06
8.642929292929293297e+02 1.628739182282341078e-06 2.013152652550724976e-05 1.789053074792451179e-06
8.843939393939393767e+02 1.688468217664344056e-06 2.017595271401303311e-05 1.928053913939638864e-06
9.044949494949494238e+02 1.750746724832701684e-06 2.014407475296033786e-05 2.098849766423709626e-06
9.245959595959595845e+02 1.812785706359569572e-06 2.008602103889409741e-05 2.299838903505720356e-06
9.446969696969697452e+02 1.872752524370446082e-06 2.005587940657190622e-05 2.520550175040126334e-06
9.647979797979796786e+02 1.930446236300432193e-06 2.009590530357180274e-05 2.762508094321504219e-06
9.848989898989898393e+02 1.987005069386113467e-06 2.025491605290032660e-05 3.013395459023280663e-06
1.005000000000000000e+03 2.042020790039230249e-06 2.049712367501884503e-05 3.260209795769961200e-06
1.025101010101009933e+03 2.096166638698405177e-06 2.083366317096090056e-05 3.490374528919543203e-06
1.045202020202020094e+03 2.149588275228200903e-06 2.121272893840141647e-05 3.696241111934880451e-06
1.065303030303030255e+03 2.204167979551574724e-06 2.162077060147131214e-05 3.887139772627229888e-06
1.085404040404040416e+03 2.260075125722981634e-06 2.201447277350992242e-05 4.067265047482443659e-06
1.105505050505050349e+03 2.320644105334815258e-06 2.238343614861144440e-05 4.251349302870651373e-06
1.125606060606060510e+03 2.383844226141886986e-06 2.272530935840089920e-05 4.451187099960434296e-06
1.145707070707070670e+03 2.448420332704354684e-06 2.304700732145902614e-05 4.663807911834368676e-06
1.165808080808080831e+03 2.514200300394067498e-06 2.340293585625132024e-05 4.903785444080925200e-06
1.185909090909090992e+03 2.582280915761870292e-06 2.383759093991042119e-05 5.173419887034228733e-06
1.206010101010100925e+03 2.651084750118768702e-06 2.440812620025993948e-05 5.479958576723876606e-06
1.226111111111111086e+03 2.718609516052677727e-06 2.514178700191270358e-05 5.824310696061113556e-06
1.246212121212121247e+03 2.785237989424745183e-06 2.604521635302902403e-05 6.197748374648293082e-06
1.266313131313131180e+03 2.849273843956490846e-06 2.711866182721225945e-05 6.599351468452352441e-06
1.286414141414141341e+03 2.909739757214752048e-06 2.832901159417914797e-05 7.031101818407437180e-06
1.306515151515151501e+03 2.968438829204614743e-06 2.969308848705466051e-05 7.497892696325018831e-06
1.326616161616161662e+03 3.022640083389524938e-06 3.105680478131416959e-05 7.990959788801264846e-06
1.346717171717171595e+03 3.072246720497138101e-06 3.235831145861006671e-05 8.497865480001520974e-06
1.366818181818181756e+03 3.119861762279193890e-06 3.357138200981403466e-05 9.037201809191120017e-06
1.386919191919191917e+03 3.164923262073118711e-06 3.467372940785685281e-05 9.625808049710990241e-06
1.407020202020201850e+03 3.208321331884945542e-06 3.567286588812221688e-05 1.025517484156755886e-05
1.427121212121212011e+03 3.251110883093384403e-06 3.662737335363093662e-05 1.094394003419504682e-05
1.447222222222222172e+03 3.294877029952579178e-06 3.760687378441065646e-05 1.170533574908606909e-05
1.467323232323232332e+03 3.339226308728856047e-06 3.870215943693149487e-05 1.253396504898975972e-05
1.487424242424242493e+03 3.383501627669140737e-06 4.001331521415239198e-05 1.344109470252802127e-05
1.507525252525252426e+03 3.428941725325291101e-06 4.168622230522138461e-05 1.446494023171337297e-05
1.527626262626262587e+03 3.473506234162821150e-06 4.376468441622324298e-05 1.560213457998124050e-05
1.547727272727272748e+03 3.517265542953443920e-06 4.623324789871651076e-05 1.682419679053826170e-05
1.567828282828282681e+03 3.558412520245970944e-06 4.907120667116471796e-05 1.817552852071051156e-05
1.587929292929292842e+03 3.596821440021558549e-06 5.226285377650501530e-05 1.965957291287804683e-05
1.608030303030303003e+03 3.631572036051384281e-06 5.568833877420911754e-05 2.130576687869605073e-05
1.628131313131313163e+03 3.662956510859937406e-06 5.920854743410955163e-05 2.313026134028051551e-05
1.648232323232323097e+03 3.691823309565719031e-06 6.268441474585960242e-05 2.513420843790280230e-05
1.668333333333333258e+03 3.719044359631992423e-06 6.599965014479965305e-05 2.736360789030276735e-05
1.688434343434343418e+03 3.745382741364376774e-06 6.909051260434063838e-05 2.979588719039102593e-05
1.708535353535353352e+03 3.773430393187246140e-06 7.205325393862035814e-05 3.259308370178403379e-05
1.728636363636363512e+03 3.804839857569240055e-06 7.502520904443308431e-05 3.570865535006461169e-05
1.748737373737373673e+03 3.840686235042036197e-06 7.795982602887219172e-05 3.911789854141017316e-05
1.768838383838383834e+03 3.881887141520361873e-06 8.123428914373133933e-05 4.289306835175402984e-05
1.788939393939393995e+03 3.930575550147358891e-06 8.503833047249064879e-05 4.708750221890272070e-05
1.809040404040403928e+03 3.986272971877197224e-06 8.954101556037022804e-05 5.172060046075734182e-05
1.829141414141414089e+03 4.050631419453778804e-06 9.494044923211936789e-05 5.690328198519077943e-05
1.849242424242424249e+03 4.122690780634636415e-06 1.013968929320050594e-04 6.276327401529084018e-05
1.869343434343434183e+03 4.202445466081098492e-06 1.087632732656201086e-04 6.929547559636664415e-05
1.889444444444444343e+03 4.288089810598248105e-06 1.169926699666513507e-04 7.661693796061056123e-05
1.909545454545454504e+03 4.381465984470340199e-06 1.262398557260414813e-04 8.507300813756243192e-05
1.929646464646464665e+03 4.479437852746742054e-06 1.359777592331266882e-04 9.457466600260155802e-05
1.949747474747474598e+03 4.580104445927930862e-06 1.458564931342626260e-04 1.050424793852386873e-04
1.969848484848484759e+03 4.683305563478767240e-06 1.558488807883960919e-04 1.168023193606012618e-04
1.989949494949494920e+03 4.792538864011290752e-06 1.661283290933383068e-04 1.300889924637733735e-04
