2.005050505050505194e+01 3.862777005098076475e-07 5.252062368053266667e-07 5.263831374897078401e-07
4.015151515151514872e+01 4.791608855511080026e-07 4.882796111927299532e-07 5.236010656895444311e-07
6.025252525252524549e+01 4.540046840267748833e-07 5.139197890589406431e-07 5.333116125570986781e-07
8.035353535353534937e+01 5.024797161715765413e-07 4.573466424610455363e-07 4.903655786167304754e-07
1.004545454545454533e+02 4.844750315788247642e-07 5.856399602146681744e-07 5.108503067719267443e-07
1.205555555555555429e+02 5.288957545121007486e-07 7.004828956787450793e-07 4.600579485616183922e-07
1.406565656565656468e+02 5.505801758366905132e-07 7.386259541436918648e-07 4.479831947330838922e-07
1.607575757575757507e+02 6.151747875780943446e-07 8.574375018122939236e-07 4.885388246809834420e-07
1.808585858585858546e+02 6.046458658648369842e-07 1.000450958638012502e-06 4.507217630492621043e-07
2.009595959595959584e+02 6.658442811713824560e-07 1.325078736741528613e-06 4.210091976300696745e-07
2.210606060606060623e+02 7.340312049263996059e-07 1.644143873577484271e-06 4.317890099492696476e-07
2.411616161616161662e+02 7.411716461703456850e-07 2.628180840379993852e-06 4.234174616611006560e-07
2.612626262626262132e+02 7.467549664399475376e-07 3.751626184553929384e-06 4.427104083322946477e-07
2.813636363636363740e+02 8.346906674898995601e-07 5.261054230821042273e-06 4.268919530806123078e-07
3.014646464646464210e+02 8.516542371740401212e-07 7.218495878085494511e-06 4.557940594228740394e-07
3.215656565656565817e+02 8.626340118796520080e-07 9.363820539466754221e-06 5.065902263611156205e-07
3.416666666666666288e+02 8.811931665968553222e-07 9.719220371935695634e-06 4.997302368076745534e-07
3.617676767676767895e+02 8.569716106505861483e-07 1.002807044648678170e-05 5.529176824548947160e-07
3.818686868686868365e+02 9.287148871756048610e-07 9.251315531270817987e-06 5.718537746612063138e-07
4.019696969696969973e+02 9.075985269060713033e-07 8.654567625809499951e-06 5.305136980932598872e-07
4.220707070707070443e+02 9.798366384179849761e-07 8.462347091753865357e-06 5.806390995309519661e-07
4.421717171717172050e+02 1.024129071084014833e-06 7.796099477291134857e-06 6.417353664415199468e-07
4.622727272727272521e+02 9.986821559073762380e-07 8.564484301074700288e-06 6.027844563341090948e-07
4.823737373737373559e+02 1.013734910517344784e-06 8.618386783316164742e-06 6.204671348222915677e-07
5.024747474747474030e+02 9.324807851085475217e-07 1.059231044406141283e-05 6.690518417241183883e-07
5.225757575757575069e+02 1.055109863398111159e-06 1.189639930132556139e-05 6.485275376518760898e-07
5.426767676767676676e+02 1.008713478261354717e-06 1.302985360394917062e-05 7.177584051360700468e-07
5.627777777777778283e+02 1.127566367844585533e-06 1.545882802945486775e-05 7.517541028035508242e-07
5.828787878787878753e+02 1.181454367294475233e-06 1.684461498854414603e-05 7.940959134169592155e-07
6.029797979797979224e+02 1.188548410002672165e-06 1.726069513672352020e-05 8.418029284690134332e-07
6.230808080808080831e+02 1.247645050717550484e-06 1.908751407133147841e-05 8.897392725175660139e-07
6.431818181818182438e+02 1.259783924793743685e-06 1.949823455447404763e-05 9.467641741822553804e-07
6.632828282828281772e+02 1.278289796725493402e-06 1.913931091991537430e-05 1.036598945523401606e-06
6.833838383838383379e+02 1.362481887029997167e-06 1.877887519805588207e-05 1.091877348748472480e-06
7.034848484848484986e+02 1.309854242934045229e-06 1.827598638822771992e-05 1.233236335430850393e-06
7.235858585858585457e+02 1.383160858437167728e-06 1.795623465422024111e-05 1.269575917697616629e-06
7.436868686868685927e+02 1.409831012564445693e-06 1.749726004453271646e-05 1.285209974863334907e-06
7.637878787878787534e+02 1.363407981275580885e-06 1.902218578033733028e-05 1.444302426525441425e-06
7.838888888888889142e+02 1.412493426736965996e-06 1.859038894777891853e-05 1.471020915162209493e-06
8.039898989898989612e+02 1.523942436710819589e-06 1.859045697186186366e-05 1.494012772993978095e-06
8.240909090909090082e+02 1.588167627517419692e-06 1.915137757043871720e-05 1.646360499016383725e-06
8.441919191919191690e+02 1.636969477780853292e-06 2.009526653479976814e-05 1.733969343421023134e-06
8.642929292929293297e+02 1.685416193375003053e-06 2.068386908082937479e-05 1.802113259328080846e-06
8.843939393939393767e+02 1.744482742421816328e-06 2.055090147335593233e-05 1.937622320723475782e-06
9.044949494949494238e+02 1.712000174628166278e-06 2.012595803476272194e-05 2.117881215849303230e-06
9.245959595959595845e+02 1.852310911909382318e-06 1.965875839403493015e-05 2.222533089971043195e-06
9.446969696969697452e+02 1.871235264090584871e-06 1.983325945959346677e-05 2.384336502227593774e-06
9.647979797979796786e+02 2.020843980160333669e-06 2.010679844185996469e-05 2.759676933250365672e-06
9.848989898989898393e+02 2.047946833474050741e-06 1.988639707251189362e-05 3.080352315457811678e-06
1.005000000000000000e+03 2.030341276203354060e-06 2.005906412931277342e-05 3.231582360195164512e-06
1.025101010101009933e+03 2.119807323434506307e-06 2.048228099138963234e-05 3.500510023839495440e-06
1.045202020202020094e+03 2.133666658546317584e-06 2.107349958033975643e-05 3.720745384827678350e-06
1.065303030303030255e+03 2.148139327961796446e-06 2.219102079654365736e-05 3.957355420060483311e-06
1.085404040404040416e+03 2.230313572458996730e-06 2.275381645489824744e-05 3.927317098764744172e-06
1.105505050505050349e+03 2.371219756689850250e-06 2.278481619891920909e-05 4.211759929770081562e-06
1.125606060606060510e+03 2.354823608511288540e-06 2.241511892968153400e-05 4.356131959877884524e-06
1.145707070707070670e+03 2.430132703779931395e-06 2.262120012969237858e-05 4.748408734555263827e-06
1.165808080808080831e+03 2.462694586238029173e-06 2.381685557489905154e-05 4.772119485254570535e-06
1.185909090909090992e+03 2.572637727893913574e-06 2.373502445269670233e-05 5.327171765404514527e-06
1.206010101010100925e+03 2.614104929920313237e-06 2.375827872123961230e-05 5.721276077153910234e-06
1.226111111111111086e+03 2.629954038493181703e-06 2.456235161345101477e-05 5.961404721999574983e-06
1.246212121212121247e+03 2.835597304413663754e-06 2.687268311853987019e-05 6.334887330752645206e-06
1.266313131313131180e+03 2.867142379119800248e-06 2.651233258330566240e-05 6.603497789832111500e-06
1.286414141414141341e+03 2.856534500937072008e-06 2.778205849531373533e-05 7.194128604038757129e-06
1.306515151515151501e+03 2.948009146808688948e-06 2.968927536902443392e-05 7.574305185505155326e-06
1.326616161616161662e+03 3.071220637717864793e-06 3.058130191776943524e-05 8.249063081306222471e-06
1.346717171717171595e+03 3.016802568128171397e-06 3.147884559313124072e-05 8.243007700840438882e-06
1.366818181818181756e+03 3.124035684325339348e-06 3.298594567364510831e-05 8.810114156931407424e-06
1.386919191919191917e+03 3.112247387982977589e-06 3.523562258746829159e-05 9.711836057672400754e-06
1.407020202020201850e+03 3.291691429497386964e-06 3.648607460214484469e-05 1.050796693290980479e-05
1.427121212121212011e+03 3.322711410285714866e-06 3.634508997003369347e-05 1.101749597160581900e-05
1.447222222222222172e+03 3.289415512751400547e-06 3.742889563313096801e-05 1.178304839897754644e-05
1.467323232323232332e+03 3.410429191942699922e-06 3.787966475911887324e-05 1.222940459405722608e-05
1.487424242424242493e+03 3.424575778785266261e-06 3.977604670059719253e-05 1.391076605463677541e-05
1.507525252525252426e+03 3.442703905058074446e-06 4.141115536782732123e-05 1.473766937274532866e-05
1.527626262626262587e+03 3.449623565416893745e-06 4.347288311869018201e-05 1.570548895929260678e-05
1.547727272727272748e+03 3.509391590365324891e-06 4.632930204652969757e-05 1.733008450979269316e-05
1.567828282828282681e+03 3.529544752849953906e-06 4.982027816954645951e-05 1.853535940929471247e-05
1.587929292929292842e+03 3.620266660032557894e-06 5.222916779638888903e-05 1.974177313114762648e-05
1.608030303030303003e+03 3.618010657206020367e-06 5.512654318430044320e-05 2.220313079329514383e-05
1.628131313131313163e+03 3.637974553758059399e-06 6.058970150565655486e-05 2.367701961531877932e-05
1.648232323232323097e+03 3.724553172782399094e-06 6.167685411599776026e-05 2.571754595171025340e-05
1.668333333333333258e+03 3.706369049046394595e-06 6.697334665031100601e-05 2.740269163203959662e-05
1.688434343434343418e+03 3.766820103496181584e-06 6.867394814383290756e-05 3.054181090309099740e-05
1.708535353535353352e+03 3.873135132441668590e-06 7.163429545535692920e-05 3.234813666150869774e-05
1.728636363636363512e+03 3.701926902435952659e-06 7.477881997192451467e-05 3.627002112695758155e-05
1.748737373737373673e+03 3.851769227325615117e-06 8.122520852191118660e-05 3.968844920571546148e-05
1.768838383838383834e+03 3.877621121924808154e-06 8.241310507040558095e-05 4.335339244561394584e-05
1.788939393939393995e+03 3.919497812716404819e-06 8.567762412745738446e-05 4.784666818258044845e-05
1.809040404040403928e+03 3.996818520228792761e-06 8.722371314299152002e-05 5.244551413846662010e-05
1.829141414141414089e+03 4.015208685478245986e-06 9.522339882252534482e-05 5.638437319933979315e-05
1.849242424242424249e+03 4.115812418008713842e-06 1.005875975266112160e-04 6.457796718564337124e-05
1.869343434343434183e+03 4.179523707138050370e-06 1.093919932950516212e-04 6.884201127149300531e-05
1.889444444444444343e+03 4.381078037148019986e-06 1.198868192091877467e-04 7.535794248591734393e-05
1.909545454545454504e+03 4.491003283345629271e-06 1.265938326028373821e-04 8.698738935166664289e-05
1.929646464646464665e+03 4.506536923534051912e-06 1.359701940235708787e-04 9.660737149215050984e-05
1.949747474747474598e+03 4.606301817295113453e-06 1.461630857474707453e-04 1.074549993234507906e-04
1.969848484848484759e+03 4.721971982028578964e-06 1.558380184843714984e-04 1.187698716624657319e-04
1.989949494949494920e+03 4.854067690776876742e-06 1.643168264781280587e-04 1.334726568786152347e-04
