2.005050505050505194e+01 3.556749623492421742e-07 3.385592154338605393e-07 4.032805627208986994e-07
4.015151515151514872e+01 3.610828983365289216e-07 3.504938125895331525e-07 3.994032630080992969e-07
6.025252525252524549e+01 3.679688241553372675e-07 3.684100513254200274e-07 3.919572796559083272e-07
8.035353535353534937e+01 3.812598562420739375e-07 3.991985020939264183e-07 3.881167090578002416e-07
1.004545454545454533e+02 4.034788497276126482e-07 4.496823973788451740e-07 3.873486771776977213e-07
1.205555555555555429e+02 4.301630492468321020e-07 5.195464239890491496e-07 3.848427448267144250e-07
1.406565656565656468e+02 4.622624174334218267e-07 6.155510910235369445e-07 3.812379882445678447e-07
1.607575757575757507e+02 5.008388265720862178e-07 7.554553562839046436e-07 3.784844036593326388e-07
1.808585858585858546e+02 5.449778069121198414e-07 9.569322122765768609e-07 3.759950208726225729e-07
2.009595959595959584e+02 5.911730554983270953e-07 1.252948143785594623e-06 3.742785349798828285e-07
2.210606060606060623e+02 6.418530073658481901e-07 1.701841148191891430e-06 3.759605539801678195e-07
2.411616161616161662e+02 6.929556101630860191e-07 2.407480512478852567e-06 3.807240865420121306e-07
2.612626262626262132e+02 7.404653563277845463e-07 3.484081156421420556e-06 3.889176426869332255e-07
2.813636363636363740e+02 7.838206570064689904e-07 5.048355400719137556e-06 4.014651966463027600e-07
3.014646464646464210e+02 8.207231416779482487e-07 7.060967709198595660e-06 4.177549889732277609e-07
3.215656565656565817e+02 8.487708837421618739e-07 8.863645076651896642e-06 4.381201139958511780e-07
3.416666666666666288e+02 8.690285105592152166e-07 9.749027487451450386e-06 4.604091366138161570e-07
3.617676767676767895e+02 8.845350379406115601e-07 9.668737469995425217e-06 4.845269920480018392e-07
3.818686868686868365e+02 8.957971019625499573e-07 9.123280935693252788e-06 5.082266059815938836e-07
4.019696969696969973e+02 9.060075350177348611e-07 8.594085627216591482e-06 5.305686667149165571e-07
4.220707070707070443e+02 9.167084161216898146e-07 8.304766844186092388e-06 5.502423369486746635e-07
4.421717171717172050e+02 9.292749142350532249e-07 8.303758979421513637e-06 5.675332823258204291e-07
4.622727272727272521e+02 9.457981494253723966e-07 8.626412772811296059e-06 5.843341905264924900e-07
4.823737373737373559e+02 9.655544416032144371e-07 9.272981115961104765e-06 6.007955944334239383e-07
5.024747474747474030e+02 9.905601625619902695e-07 1.031132482146582323e-05 6.193203506565091534e-07
5.225757575757575069e+02 1.018484791542605984e-06 1.172205161956330985e-05 6.423164721646372752e-07
5.426767676767676676e+02 1.048833093430768027e-06 1.342225623764141715e-05 6.699826642240621813e-07
5.627777777777778283e+02 1.081054022446665448e-06 1.528091839928383060e-05 7.049278489080628644e-07
5.828787878787878753e+02 1.114458440319579066e-06 1.703082545660427211e-05 7.484280899611688786e-07
6.029797979797979224e+02 1.147123984168137063e-06 1.834138203383324134e-05 8.004134250332809718e-07
6.230808080808080831e+02 1.177940567989916887e-06 1.902569444391995578e-05 8.604441328248068567e-07
6.431818181818182438e+02 1.207651927895174799e-06 1.915362414905946015e-05 9.275594177103131260e-07
6.632828282828281772e+02 1.235780389359024021e-06 1.891692992749853048e-05 1.000252819575227733e-06
6.833838383838383379e+02 1.262729088526791236e-06 1.857020969533486072e-05 1.074967894983780362e-06
7.034848484848484986e+02 1.290171788436044824e-06 1.825579174530963776e-05 1.150359334996215254e-06
7.235858585858585457e+02 1.318613802089973799e-06 1.809760553613893450e-05 1.221502189941332992e-06
7.436868686868685927e+02 1.348106909820386803e-06 1.814035105321312979e-05 1.285574098350156518e-06
7.637878787878787534e+02 1.380834745842685039e-06 1.833438758147479575e-05 1.347402919450674582e-06
7.838888888888889142e+02 1.417888761723495950e-06 1.864322702512219272e-05 1.408949896250106509e-06
8.039898989898989612e+02 1.459935432851699022e-06 1.901177678040373388e-05 1.476234828355062522e-06
8.240909090909090082e+02 1.507345889061794307e-06 1.936684630653195857e-05 1.554077843953232735e-06
8.441919191919191690e+02 1.558535237794811896e-06 1.965464196560033663e-05 1.646543729989226221e-06
8.642929292929293297e+02 1.614528080960536807e-06 1.982949086346169653e-05 1.758633741856359928e-06
8.843939393939393767e+02 1.673931852478043481e-06 1.989675110319537746e-05 1.897529089074935949e-06
9.044949494949494238e+02 1.735499548791950181e-06 1.987742464516805471e-05 2.067106745987587778e-06
9.245959595959595845e+02 1.799067336853036240e-06 1.983639430896188345e-05 2.266514525350901491e-06
9.446969696969697452e+02 1.859595482408534444e-06 1.983331513109199228e-05 2.485758878682675202e-06
9.647979797979796786e+02 1.917602219178901162e-06 1.990898658977939212e-05 2.724490587094427417e-06
9.848989898989898393e+02 1.974900929180570713e-06 2.007445229787800206e-05 2.973007416608973875e-06
1.005000000000000000e+03 2.030051229584608013e-06 2.033319050329372260e-05 3.219719874298010914e-06
1.025101010101009933e+03 2.083074772651368737e-06 2.067183194941026440e-05 3.449732824788807308e-06
1.045202020202020094e+03 2.135947622430684822e-06 2.106439536633550953e-05 3.654884972968249773e-06
1.065303030303030255e+03 2.189346494759711726e-06 2.146500907487853578e-05 3.842194466403371777e-06
1.085404040404040416e+03 2.244591724519456207e-06 2.185987819239395609e-05 4.018456580381691873e-06
1.105505050505050349e+03 2.303942280538269250e-06 2.223397825589519319e-05 4.200551805982914442e-06
1.125606060606060510e+03 2.365435320345309129e-06 2.257787280650998255e-05 4.396028746969599265e-06
1.145707070707070670e+03 2.428078101708018920e-06 2.290482068772445017e-05 4.610411624294481768e-06
1.165808080808080831e+03 2.494290001736520168e-06 2.327092955987340660e-05 4.848933677493913747e-06
1.185909090909090992e+03 2.560948349962452898e-06 2.371110695152885115e-05 5.125551016608282180e-06
1.206010101010100925e+03 2.630322748416665645e-06 2.428477003939851739e-05 5.436787922037418740e-06
1.226111111111111086e+03 2.699481415335592522e-06 2.502046818836319481e-05 5.785232468676647759e-06
1.246212121212121247e+03 2.765844991677942826e-06 2.592999938737555103e-05 6.169773814843107666e-06
1.266313131313131180e+03 2.831109490466917807e-06 2.701339793198680080e-05 6.581333217589445670e-06
1.286414141414141341e+03 2.890946851242404678e-06 2.823577965292905308e-05 7.021952399067601358e-06
1.306515151515151501e+03 2.951105846428484143e-06 2.959826901350086429e-05 7.499987280790971013e-06
1.326616161616161662e+03 3.004924885113221811e-06 3.097333352239676276e-05 7.994927029558242146e-06
1.346717171717171595e+03 3.054480035896899299e-06 3.229278005376845430e-05 8.509254571210209494e-06
1.366818181818181756e+03 3.101949391222691759e-06 3.350190937657492735e-05 9.053548985998150335e-06
1.386919191919191917e+03 3.146373508065662520e-06 3.460924283816293562e-05 9.638190280701368478e-06
1.407020202020201850e+03 3.190369067238907870e-06 3.559349543551703005e-05 1.026759279833391403e-05
1.427121212121212011e+03 3.234704166239160810e-06 3.654527268337891835e-05 1.096161363704984665e-05
1.447222222222222172e+03 3.277195323087361091e-06 3.751643972725399667e-05 1.171834094163831669e-05
1.467323232323232332e+03 3.321331397977043334e-06 3.863142097104018909e-05 1.255202588615772383e-05
1.487424242424242493e+03 3.365098423158469780e-06 3.994024255394958210e-05 1.346512542272823758e-05
1.507525252525252426e+03 3.411213763386631262e-06 4.162029220580640401e-05 1.449886522372911998e-05
1.527626262626262587e+03 3.456450548080620636e-06 4.370824392534052694e-05 1.564008281516154062e-05
1.547727272727272748e+03 3.499624939533232085e-06 4.615121214543841565e-05 1.687453382837219757e-05
1.567828282828282681e+03 3.540534009796361574e-06 4.900893345753977584e-05 1.823496050395890936e-05
1.587929292929292842e+03 3.578030101977674770e-06 5.220488139214911588e-05 1.973293616564409677e-05
1.608030303030303003e+03 3.612141091934138200e-06 5.563701232786589021e-05 2.138533724746594536e-05
1.628131313131313163e+03 3.643753881181741980e-06 5.916349171800264878e-05 2.321816337481442664e-05
1.648232323232323097e+03 3.671088641759301165e-06 6.264979026855464577e-05 2.524178816507560155e-05
1.668333333333333258e+03 3.697980999099448657e-06 6.594923497667864640e-05 2.747762029341980982e-05
1.688434343434343418e+03 3.724155722367880766e-06 6.901915448993675088e-05 2.993388680741617601e-05
1.708535353535353352e+03 3.752161061640216659e-06 7.200758854419060000e-05 3.274145700026844901e-05
1.728636363636363512e+03 3.785176098955906430e-06 7.491726198468798672e-05 3.589721950894723864e-05
1.748737373737373673e+03 3.819704015053079204e-06 7.790648686678558477e-05 3.931779572440621671e-05
1.768838383838383834e+03 3.862019361044874820e-06 8.119137503789902711e-05 4.312588979331292153e-05
1.788939393939393995e+03 3.912100893224993922e-06 8.500686090284076141e-05 4.734113427272192831e-05
1.809040404040403928e+03 3.968011092318068453e-06 8.952953587637531340e-05 5.202883615521511227e-05
1.829141414141414089e+03 4.033329090037564489e-06 9.492026106286664290e-05 5.726268411394898361e-05
1.849242424242424249e+03 4.107296266355589778e-06 1.013937568627370714e-04 6.315001084845831144e-05
1.869343434343434183e+03 4.186440402283990745e-06 1.088098511423275246e-04 6.972537105245774883e-05
1.889444444444444343e+03 4.272794302064459064e-06 1.171429898948473367e-04 7.705651425162323418e-05
1.909545454545454504e+03 4.366472689788169203e-06 1.264701723646947289e-04 8.554565805871276805e-05
1.929646464646464665e+03 4.464524080398312467e-06 1.362651853739744957e-04 9.505301632460991690e-05
1.949747474747474598e+03 4.563770553136441388e-06 1.461367841889258160e-04 1.055347742300477180e-04
1.969848484848484759e+03 4.668059552080169189e-06 1.562210986876645473e-04 1.173725290850364573e-04
1.989949494949494920e+03 4.775640854453837534e-06 1.664652159346006847e-04 1.307057914772458336e-04
