2.005050505050505194e+01 3.496816470727487853e-07 3.384732647748639080e-07 4.077524243539070282e-07
4.015151515151514872e+01 3.563766229340728824e-07 3.508907723577040604e-07 4.045663757803616686e-07
6.025252525252524549e+01 3.627105179538542503e-07 3.682140231665295576e-07 3.963374680825166669e-07
8.035353535353534937e+01 3.768763295006427360e-07 3.991163445077362870e-07 3.917265770362901723e-07
1.004545454545454533e+02 3.989546350976186289e-07 4.490197596280253848e-07 3.906327846458287793e-07
1.205555555555555429e+02 4.261885465403846796e-07 5.175944324918688043e-07 3.875043166943564580e-07
1.406565656565656468e+02 4.584625882146764323e-07 6.128279793022621621e-07 3.841709296859406876e-07
1.607575757575757507e+02 4.964951237862593088e-07 7.519705873836089280e-07 3.816859513275619889e-07
1.808585858585858546e+02 5.401794469887656062e-07 9.538998726069357913e-07 3.789602718813899042e-07
2.009595959595959584e+02 5.872028031604953469e-07 1.249020331193066529e-06 3.773324806316218289e-07
2.210606060606060623e+02 6.373686509161176118e-07 1.698119295618612406e-06 3.789853622331193405e-07
2.411616161616161662e+02 6.880485092254652563e-07 2.402677867116667946e-06 3.834798015336379130e-07
2.612626262626262132e+02 7.358035727720514184e-07 3.478361249496928771e-06 3.917991900994666829e-07
2.813636363636363740e+02 7.785077069302369318e-07 5.037819071704892038e-06 4.040950064674498111e-07
3.014646464646464210e+02 8.148265653144657775e-07 7.052280356743892827e-06 4.209486593374729876e-07
3.215656565656565817e+02 8.423998241160376601e-07 8.879660008127411187e-06 4.408625826967156623e-07
3.416666666666666288e+02 8.627911619720108998e-07 9.799810739570491788e-06 4.627459531552888480e-07
3.617676767676767895e+02 8.778370869815439451e-07 9.740965210824956941e-06 4.862411844822553484e-07
3.818686868686868365e+02 8.891014616585334872e-07 9.197155667523635789e-06 5.095161444202356643e-07
4.019696969696969973e+02 8.991868161812447595e-07 8.666613206701034963e-06 5.315427032633484908e-07
4.220707070707070443e+02 9.100051156218847029e-07 8.369616636365970834e-06 5.512783947223854793e-07
4.421717171717172050e+02 9.232450958530242298e-07 8.354055441556427613e-06 5.690552480792364999e-07
4.622727272727272521e+02 9.397566460781521849e-07 8.674346424287090760e-06 5.860396936649713383e-07
4.823737373737373559e+02 9.598154045573253176e-07 9.332883237068733448e-06 6.023923095706634552e-07
5.024747474747474030e+02 9.847492812382805450e-07 1.039124565992703972e-05 6.214486979254242924e-07
5.225757575757575069e+02 1.013389711321823982e-06 1.183299599890639654e-05 6.443779745414531719e-07
5.426767676767676676e+02 1.044183374288519255e-06 1.355861259381810627e-05 6.721838925572081415e-07
5.627777777777778283e+02 1.076741028856447893e-06 1.543251207096781646e-05 7.072453449507695305e-07
5.828787878787878753e+02 1.110236216710597386e-06 1.719197484802412448e-05 7.507195618941267986e-07
6.029797979797979224e+02 1.143324895590994917e-06 1.850985615034173118e-05 8.031064273982814617e-07
6.230808080808080831e+02 1.174504573777112608e-06 1.919001653720337709e-05 8.628150833477518089e-07
6.431818181818182438e+02 1.204479455734443824e-06 1.931277401486213295e-05 9.305174800270315884e-07
6.632828282828281772e+02 1.232549441062327800e-06 1.906291314681309921e-05 1.003417747679519160e-06
6.833838383838383379e+02 1.259479094944774139e-06 1.871254793317713927e-05 1.078005309422632363e-06
7.034848484848484986e+02 1.286645408950888996e-06 1.840118743468760191e-05 1.153253037114248901e-06
7.235858585858585457e+02 1.314875958491935276e-06 1.824510303276718570e-05 1.224624733014306314e-06
7.436868686868685927e+02 1.344249600751252064e-06 1.826576097765151730e-05 1.289740023007810210e-06
7.637878787878787534e+02 1.377589565288899115e-06 1.844993287574578719e-05 1.352135271401808589e-06
7.838888888888889142e+02 1.414872827763139417e-06 1.874289166699123416e-05 1.415036441321307500e-06
8.039898989898989612e+02 1.457765804995521935e-06 1.910157647398331112e-05 1.483682077083727273e-06
8.240909090909090082e+02 1.505503479049480960e-06 1.945377760709111932e-05 1.562609964496449838e-06
8.441919191919191690e+02 1.557636900127726369e-06 1.972549186131882011e-05 1.656362041105361987e-06
8.642929292929293297e+02 1.613257216174605778e-06 1.989000267520122094e-05 1.769254554061409935e-06
8.843939393939393767e+02 1.672239688018994956e-06 1.994100406479786997e-05 1.908874431589685014e-06
9.044949494949494238e+02 1.734663996577510597e-06 1.991916200198162344e-05 2.079358766063522895e-06
9.245959595959595845e+02 1.797062663879848802e-06 1.986653693942734393e-05 2.278420857635625622e-06
9.446969696969697452e+02 1.856815359697342823e-06 1.985928387374037203e-05 2.499553154128826794e-06
9.647979797979796786e+02 1.914649422389596381e-06 1.991253101696394996e-05 2.737058425054298071e-06
9.848989898989898393e+02 1.971034688197434381e-06 2.006536411818462084e-05 2.986503589710520787e-06
1.005000000000000000e+03 2.025203185884631591e-06 2.031751326250922764e-05 3.229233100618794137e-06
1.025101010101009933e+03 2.077786902725090231e-06 2.065743711778259879e-05 3.453211164573072082e-06
1.045202020202020094e+03 2.130394405773234247e-06 2.102787507913339647e-05 3.654904635851385766e-06
1.065303030303030255e+03 2.183488052177664949e-06 2.141728722974489015e-05 3.841929537307944235e-06
1.085404040404040416e+03 2.238757001740665347e-06 2.179990350849795360e-05 4.018892751924059831e-06
1.105505050505050349e+03 2.298143034711880904e-06 2.215417264419471496e-05 4.200839182297326053e-06
1.125606060606060510e+03 2.360469304986612677e-06 2.248815256416541832e-05 4.397065111590248105e-06
1.145707070707070670e+03 2.423654344449594245e-06 2.280679743808988389e-05 4.612148483665402898e-06
1.165808080808080831e+03 2.489136777874511882e-06 2.316665649750489569e-05 4.852764348546819266e-06
1.185909090909090992e+03 2.556538276008580379e-06 2.360745414254318149e-05 5.126437402534480857e-06
1.206010101010100925e+03 2.625047111478984605e-06 2.417965805780540099e-05 5.440466189902927703e-06
1.226111111111111086e+03 2.692567945726990101e-06 2.491829276428919859e-05 5.788160512626065584e-06
1.246212121212121247e+03 2.759127396419279444e-06 2.582372810650667634e-05 6.168983910378112977e-06
1.266313131313131180e+03 2.822231701847021476e-06 2.687378667614991683e-05 6.579192152195285939e-06
1.286414141414141341e+03 2.882831983373603608e-06 2.807315352586017707e-05 7.015971296340475369e-06
1.306515151515151501e+03 2.941712508920971923e-06 2.940572397592177152e-05 7.488077545524224988e-06
1.326616161616161662e+03 2.995525758048784017e-06 3.075811740444057269e-05 7.980142708129633699e-06
1.346717171717171595e+03 3.045314068132259625e-06 3.204563699509979056e-05 8.478672954544170138e-06
1.366818181818181756e+03 3.091901266411964776e-06 3.324609750099376265e-05 9.012633859542989637e-06
1.386919191919191917e+03 3.136171465177377882e-06 3.433912785621469474e-05 9.584804287899411875e-06
1.407020202020201850e+03 3.178828546352474930e-06 3.533111984647944499e-05 1.020604061983243206e-05
1.427121212121212011e+03 3.221427567311620381e-06 3.627304042293466287e-05 1.088891070021578366e-05
1.447222222222222172e+03 3.264590588275269827e-06 3.723810279178194755e-05 1.163916524224099718e-05
1.467323232323232332e+03 3.307315476561965172e-06 3.832226590514369166e-05 1.247029476539737050e-05
1.487424242424242493e+03 3.350025265935375695e-06 3.964517566435911416e-05 1.338706088862288824e-05
1.507525252525252426e+03 3.394899780415692789e-06 4.129765209769262430e-05 1.441657775475468661e-05
1.527626262626262587e+03 3.439033877372276472e-06 4.335712570076937861e-05 1.556827587723101991e-05
1.547727272727272748e+03 3.481367306798869403e-06 4.579636248543358956e-05 1.681538926667780487e-05
1.567828282828282681e+03 3.521655858943830027e-06 4.861604144803100528e-05 1.817833419827060738e-05
1.587929292929292842e+03 3.559723185886112633e-06 5.176494221724774680e-05 1.968153214392768803e-05
1.608030303030303003e+03 3.594274041901188639e-06 5.514357780323583694e-05 2.133744887287805159e-05
1.628131313131313163e+03 3.624854055439992220e-06 5.859080430256016786e-05 2.316004087819123846e-05
1.648232323232323097e+03 3.654883396284825687e-06 6.201405088303004126e-05 2.517047468535320363e-05
1.668333333333333258e+03 3.680910189159494816e-06 6.528013403532556156e-05 2.738927410972948051e-05
1.688434343434343418e+03 3.706664484761011179e-06 6.833867544501386667e-05 2.982173463596034544e-05
1.708535353535353352e+03 3.734542002182519604e-06 7.129029323805162856e-05 3.259111892592776060e-05
1.728636363636363512e+03 3.765494965750720684e-06 7.422128520172813953e-05 3.571669771689236058e-05
1.748737373737373673e+03 3.801149917285342567e-06 7.719444951901599755e-05 3.911103765299301337e-05
1.768838383838383834e+03 3.841860216507107728e-06 8.042189757125395625e-05 4.289865019747397449e-05
1.788939393939393995e+03 3.890868766819779533e-06 8.425005226844859037e-05 4.710736531837532410e-05
1.809040404040403928e+03 3.946553965608562066e-06 8.872985814961542486e-05 5.177803029783381301e-05
1.829141414141414089e+03 4.010416522463962480e-06 9.410235181221883070e-05 5.702197927296167283e-05
1.849242424242424249e+03 4.083309292465789109e-06 1.004824018399554802e-04 6.291699468170678430e-05
1.869343434343434183e+03 4.161845304803790777e-06 1.078147851960478785e-04 6.951552574694761942e-05
1.889444444444444343e+03 4.247742731513261419e-06 1.160158539952068464e-04 7.687889209187921376e-05
1.909545454545454504e+03 4.340976123385304616e-06 1.251726579114471102e-04 8.538783236462335374e-05
1.929646464646464665e+03 4.438297657773948194e-06 1.348008104035886337e-04 9.493734311537995580e-05
1.949747474747474598e+03 4.537490413447727241e-06 1.446188159747871451e-04 1.054242317131368496e-04
1.969848484848484759e+03 4.641299011562348398e-06 1.545967784031406997e-04 1.172471327836760604e-04
1.989949494949494920e+03 4.747913631860909781e-06 1.648863186974432930e-04 1.305793526840209016e-04
