2.005050505050505194e+01 3.623416188138943651e-07 4.657941667180321208e-07 4.830163314346432292e-07
4.015151515151514872e+01 4.371497729749214098e-07 4.666280861213518516e-07 4.607436766364452857e-07
6.025252525252524549e+01 4.984955688375059313e-07 4.338859658160416565e-07 5.577437033426162535e-07
8.035353535353534937e+01 4.871223971410870985e-07 5.156640917878879886e-07 4.754372488306184518e-07
1.004545454545454533e+02 4.531093588076914029e-07 6.194762263258694637e-07 4.653122212762008596e-07
1.205555555555555429e+02 4.609026895169381905e-07 6.912720173801551429e-07 5.293016697759075650e-07
1.406565656565656468e+02 5.701403874036258334e-07 6.957678813799007673e-07 4.133670023465314810e-07
1.607575757575757507e+02 6.061765764531187526e-07 8.587953399473823902e-07 4.702105341531901483e-07
1.808585858585858546e+02 6.460129048302974274e-07 1.011389596148660975e-06 4.506494362765476753e-07
2.009595959595959584e+02 6.605207747730137455e-07 1.268263924742367835e-06 4.437680070023377903e-07
2.210606060606060623e+02 6.836784940487257105e-07 1.854673024922539775e-06 4.238851114811781547e-07
2.411616161616161662e+02 7.425557814474159269e-07 2.462242151730465992e-06 4.363865691398540336e-07
2.612626262626262132e+02 7.982260202433853718e-07 3.439570438317925964e-06 4.205046847008373213e-07
2.813636363636363740e+02 8.137187840158698963e-07 5.182451224646450491e-06 4.566148430656334620e-07
3.014646464646464210e+02 9.322397962378581704e-07 6.905058934194488582e-06 4.532788222459825052e-07
3.215656565656565817e+02 9.073320560419787471e-07 9.730987022001446967e-06 4.933797964401064503e-07
3.416666666666666288e+02 9.215070305157545207e-07 9.937350588582101203e-06 5.036199330903024217e-07
3.617676767676767895e+02 9.229313309415227815e-07 9.880141126191020293e-06 5.312335200601361993e-07
3.818686868686868365e+02 9.397528773510107063e-07 9.375845184597746582e-06 5.312864952430629128e-07
4.019696969696969973e+02 9.625682512767981160e-07 8.747174989307384538e-06 5.781421369621813392e-07
4.220707070707070443e+02 9.886706264389076108e-07 8.843170629901892267e-06 5.905526691396896540e-07
4.421717171717172050e+02 9.657724215567959886e-07 8.617022438088978390e-06 6.261572701092323497e-07
4.622727272727272521e+02 9.293089938421546211e-07 8.644174264227170843e-06 6.066269903029097947e-07
4.823737373737373559e+02 9.749875964955035659e-07 9.740488770689552459e-06 5.856496874171098169e-07
5.024747474747474030e+02 9.857290497608210514e-07 1.026268100158968996e-05 6.414827309673280909e-07
5.225757575757575069e+02 1.060439846516426203e-06 1.144995631559415432e-05 6.777418403175094898e-07
5.426767676767676676e+02 1.034173685393658273e-06 1.421013581949505108e-05 6.724291162994598854e-07
5.627777777777778283e+02 1.072468451404984782e-06 1.581329807088103609e-05 7.399965674952814954e-07
5.828787878787878753e+02 1.119269464970671598e-06 1.790560188477891010e-05 7.768943280266059338e-07
6.029797979797979224e+02 1.148952883445867136e-06 1.860269279637583563e-05 8.183091571899542713e-07
6.230808080808080831e+02 1.163937955691021891e-06 1.966483339375274766e-05 8.948817546628215851e-07
6.431818181818182438e+02 1.240157138141017172e-06 1.949338199682007858e-05 9.067911893125535238e-07
6.632828282828281772e+02 1.276648914240847642e-06 1.899918193870413896e-05 9.976026554245811762e-07
6.833838383838383379e+02 1.295388131025183723e-06 1.870474014536830949e-05 1.087504009765708468e-06
7.034848484848484986e+02 1.306161774904273654e-06 1.814662917669231221e-05 1.151897785968139862e-06
7.235858585858585457e+02 1.342663977705991963e-06 1.914679381709731405e-05 1.216529806809222494e-06
7.436868686868685927e+02 1.409452770695679384e-06 1.825031966688982459e-05 1.262233171665587382e-06
7.637878787878787534e+02 1.375044272987741473e-06 1.846951153461765861e-05 1.358921122007652084e-06
7.838888888888889142e+02 1.473279793561278347e-06 1.972259371230803446e-05 1.411406215118141553e-06
8.039898989898989612e+02 1.493836798767104238e-06 1.848144558388640607e-05 1.475774123018616685e-06
8.240909090909090082e+02 1.517901873921559166e-06 1.859485059499969007e-05 1.571496634848223004e-06
8.441919191919191690e+02 1.582244533579228596e-06 1.982906617192644125e-05 1.670803855407133229e-06
8.642929292929293297e+02 1.613828441931648417e-06 1.926346820503618192e-05 1.726344312296717663e-06
8.843939393939393767e+02 1.650926436712005853e-06 2.013851152315725924e-05 1.885463799144305046e-06
9.044949494949494238e+02 1.741323960706368564e-06 1.979052370087899031e-05 2.079496725811986573e-06
9.245959595959595845e+02 1.818201281703696659e-06 2.018812400083189786e-05 2.303100955251389843e-06
9.446969696969697452e+02 1.895112378981433019e-06 1.964223352885539848e-05 2.505509230615131638e-06
9.647979797979796786e+02 1.877860347230951682e-06 2.011275352709916684e-05 2.691227767826210963e-06
9.848989898989898393e+02 1.988473821414051206e-06 2.024400105538708535e-05 2.939724761996601523e-06
1.005000000000000000e+03 2.066813903267283774e-06 2.036644399062705770e-05 3.179302030283477098e-06
1.025101010101009933e+03 2.075618470643105486e-06 2.099775288411406371e-05 3.573996378814382148e-06
1.045202020202020094e+03 2.153574091315300124e-06 2.081015688675441066e-05 3.606710790815223990e-06
1.065303030303030255e+03 2.190933911290287023e-06 2.135843916166070222e-05 3.905178630070847622e-06
1.085404040404040416e+03 2.276448613697498999e-06 2.212035004715296458e-05 4.029457324414267627e-06
1.105505050505050349e+03 2.324024267454226230e-06 2.202171611226728167e-05 4.209395065377836071e-06
1.125606060606060510e+03 2.419731797117745133e-06 2.304195846782337701e-05 4.447814855124937569e-06
1.145707070707070670e+03 2.436461837417858546e-06 2.303335029532747161e-05 4.606901805300924947e-06
1.165808080808080831e+03 2.440333139270064378e-06 2.397365564344619730e-05 4.788953560135706862e-06
1.185909090909090992e+03 2.627065410993762669e-06 2.399570980653811735e-05 5.021214476196326023e-06
1.206010101010100925e+03 2.665452415925758738e-06 2.512094903122823048e-05 5.491161264645514628e-06
1.226111111111111086e+03 2.743369640403870231e-06 2.508901237787260164e-05 5.714274767027110265e-06
1.246212121212121247e+03 2.650467088613153083e-06 2.729752013757261338e-05 6.316603063012604277e-06
1.266313131313131180e+03 2.764977654505598877e-06 2.682579756620081854e-05 6.613493665566999272e-06
1.286414141414141341e+03 2.852800132523680321e-06 2.813695886071368156e-05 7.159114839606041835e-06
1.306515151515151501e+03 2.919152377394884514e-06 2.916058897967944229e-05 7.167771157676636694e-06
1.326616161616161662e+03 3.065859998507001415e-06 3.070495863910378392e-05 7.777702859109255793e-06
1.346717171717171595e+03 3.065906477533884696e-06 3.198239913504021767e-05 8.551370129793511840e-06
1.366818181818181756e+03 3.003224361667948224e-06 3.321518833216251395e-05 8.805423552386431145e-06
1.386919191919191917e+03 3.035219901846422503e-06 3.427985172838832694e-05 9.257625464406237992e-06
1.407020202020201850e+03 3.170021815789395081e-06 3.637423466806536277e-05 1.020043935647272975e-05
1.427121212121212011e+03 3.179238409239617446e-06 3.644497905900324116e-05 1.090843278811362477e-05
1.447222222222222172e+03 3.181502356323914740e-06 3.744204267949134804e-05 1.158829381955033446e-05
1.467323232323232332e+03 3.316834248555301552e-06 3.805097926940365489e-05 1.227833264560718919e-05
1.487424242424242493e+03 3.323392485081531127e-06 4.116381601549898609e-05 1.320280764519400753e-05
1.507525252525252426e+03 3.393313255796915376e-06 4.298126414190537052e-05 1.426513381698345424e-05
1.527626262626262587e+03 3.498135397935262428e-06 4.376390615530673599e-05 1.564745843390232132e-05
1.547727272727272748e+03 3.515290555990155445e-06 4.547169764428473423e-05 1.679981213098761186e-05
1.567828282828282681e+03 3.453674752929895177e-06 4.939865693619834193e-05 1.823348618002136498e-05
1.587929292929292842e+03 3.558445317316985197e-06 5.124804358376135709e-05 2.014170100690680832e-05
1.608030303030303003e+03 3.627106259622565312e-06 5.628949066670874992e-05 2.168726162044972789e-05
1.628131313131313163e+03 3.536181913056963867e-06 6.021226367225673636e-05 2.289059295661318168e-05
1.648232323232323097e+03 3.628699960681888993e-06 6.257605277794753144e-05 2.430477727823732143e-05
1.668333333333333258e+03 3.585757712046093793e-06 6.578095178215983749e-05 2.701568270776318729e-05
1.688434343434343418e+03 3.778199527653940532e-06 6.879030481222534322e-05 2.952080881281506138e-05
1.708535353535353352e+03 3.821580952179455270e-06 7.194804082348978070e-05 3.297245488536828693e-05
1.728636363636363512e+03 3.744632473878625647e-06 7.537647519012702520e-05 3.573177516160666345e-05
1.748737373737373673e+03 3.792333395899000753e-06 7.753265361487706809e-05 3.990330665503418427e-05
1.768838383838383834e+03 3.866534534027125671e-06 8.114863048219388109e-05 4.489039484790061725e-05
1.788939393939393995e+03 3.801643816663404958e-06 8.400010184349915125e-05 4.782986190005581475e-05
1.809040404040403928e+03 3.987350358915797473e-06 8.838687140550931861e-05 5.217302753377800896e-05
1.829141414141414089e+03 4.096451254944138572e-06 9.312530586675987158e-05 5.765681902219825880e-05
1.849242424242424249e+03 4.068039855344795032e-06 1.011260953900612407e-04 6.164428407484361257e-05
1.869343434343434183e+03 4.127477504018302268e-06 1.119409786835548270e-04 6.895239842860465668e-05
1.889444444444444343e+03 4.191088096715738187e-06 1.155701426782142747e-04 7.781040692417496793e-05
1.909545454545454504e+03 4.377830564971220843e-06 1.220612907841281766e-04 8.438404713768824037e-05
1.929646464646464665e+03 4.329856100480287410e-06 1.308958845717300592e-04 9.446154786274142266e-05
1.949747474747474598e+03 4.579353854491051514e-06 1.437265013454361664e-04 1.037334587907341136e-04
1.969848484848484759e+03 4.717890365100840817e-06 1.539596105853237372e-04 1.212842808258042201e-04
1.989949494949494920e+03 4.692242407561337136e-06 1.628781286900771034e-04 1.309492449218245980e-04
