2.005050505050505194e+01 3.512751068618216011e-07 3.473823627492136878e-07 4.093342925884720951e-07
4.015151515151514872e+01 3.572808997786497134e-07 3.586757428486033387e-07 4.059252620619857133e-07
6.025252525252524549e+01 3.640816565031181288e-07 3.747954526025311833e-07 3.980602553457947197e-07
8.035353535353534937e+01 3.781284632143455997e-07 4.055894827964275407e-07 3.943976115721307343e-07
1.004545454545454533e+02 4.006771970687468435e-07 4.552317251435956870e-07 3.925287461812622836e-07
1.205555555555555429e+02 4.280389076613819259e-07 5.250377344841804777e-07 3.893217935030235262e-07
1.406565656565656468e+02 4.610307844326947950e-07 6.216121848868752069e-07 3.858029576308579696e-07
1.607575757575757507e+02 5.007710055204553673e-07 7.621053742741990580e-07 3.827648279722099720e-07
1.808585858585858546e+02 5.459341154728592302e-07 9.674746313353382635e-07 3.806187270915618966e-07
2.009595959595959584e+02 5.938855479474221534e-07 1.266690606640637591e-06 3.792689866586688159e-07
2.210606060606060623e+02 6.453663230602529645e-07 1.722784609098605450e-06 3.807437370368508137e-07
2.411616161616161662e+02 6.972778494156908290e-07 2.439652510703173729e-06 3.856912961859045654e-07
2.612626262626262132e+02 7.456533686633629035e-07 3.535185756662142222e-06 3.940619327044178411e-07
2.813636363636363740e+02 7.885423936949362079e-07 5.125380779182748133e-06 4.067084572359236978e-07
3.014646464646464210e+02 8.240723724619829083e-07 7.167840282928658565e-06 4.235949112964531377e-07
3.215656565656565817e+02 8.510571161593649801e-07 9.004357674604037952e-06 4.437489590650141946e-07
3.416666666666666288e+02 8.697797918864950276e-07 9.915306764148091150e-06 4.657618431640648008e-07
3.617676767676767895e+02 8.842183987104534090e-07 9.841188506584636037e-06 4.901646212486568685e-07
3.818686868686868365e+02 8.946879468919576558e-07 9.276711997124318022e-06 5.142899195919762445e-07
4.019696969696969973e+02 9.048007640606228041e-07 8.730427984915417475e-06 5.365911122303410012e-07
4.220707070707070443e+02 9.155009098128522833e-07 8.428439685247833709e-06 5.558840778100492566e-07
4.421717171717172050e+02 9.290971188431941436e-07 8.430523183150310159e-06 5.731596633411091414e-07
4.622727272727272521e+02 9.463881577788577842e-07 8.766291001617305861e-06 5.900740621936093981e-07
4.823737373737373559e+02 9.674763724124589878e-07 9.440478327467245734e-06 6.063840966650309146e-07
5.024747474747474030e+02 9.937709991908226082e-07 1.052267577574188224e-05 6.251002555706001758e-07
5.225757575757575069e+02 1.023808327970517301e-06 1.199250604844863172e-05 6.482570864525392901e-07
5.426767676767676676e+02 1.055596359702040524e-06 1.374627214116973402e-05 6.765130814704137434e-07
5.627777777777778283e+02 1.089345348492106088e-06 1.565257654446724657e-05 7.115311635150013817e-07
5.828787878787878753e+02 1.123493988817388830e-06 1.742851758928420014e-05 7.558619017005350062e-07
6.029797979797979224e+02 1.157185702012338439e-06 1.873625821222587416e-05 8.090694288967625371e-07
6.230808080808080831e+02 1.188576384464615814e-06 1.939208184528051562e-05 8.700162608586702702e-07
6.431818181818182438e+02 1.218563213732350757e-06 1.948385378042324158e-05 9.389694514939517798e-07
6.632828282828281772e+02 1.247013987569992933e-06 1.923326574571549284e-05 1.012978641622803635e-06
6.833838383838383379e+02 1.274088316450442991e-06 1.886557062739205144e-05 1.089313513485504346e-06
7.034848484848484986e+02 1.301728129869851419e-06 1.854299255118997672e-05 1.165976697073586833e-06
7.235858585858585457e+02 1.329939479975574775e-06 1.838444709064189855e-05 1.238048397363481062e-06
7.436868686868685927e+02 1.359905022729619252e-06 1.843443746651733322e-05 1.302941613769610451e-06
7.637878787878787534e+02 1.393915908365739731e-06 1.865147340678303489e-05 1.364526019641366851e-06
7.838888888888889142e+02 1.431790173574353590e-06 1.899464929362812171e-05 1.426648770974148364e-06
8.039898989898989612e+02 1.475441763886197499e-06 1.937638641696580005e-05 1.494999833250739761e-06
8.240909090909090082e+02 1.524144959820079595e-06 1.974140558707525002e-05 1.573652788883663431e-06
8.441919191919191690e+02 1.576937823479215853e-06 2.001726185493332409e-05 1.667276778464431920e-06
8.642929292929293297e+02 1.633750610564062444e-06 2.017923588731585616e-05 1.782337869193618295e-06
8.843939393939393767e+02 1.693863542799533126e-06 2.021383534096595573e-05 1.923800495970499756e-06
9.044949494949494238e+02 1.757036382503365549e-06 2.017418090123976535e-05 2.097206169719445906e-06
9.245959595959595845e+02 1.820367339579796564e-06 2.010977029403802772e-05 2.301596836962315905e-06
9.446969696969697452e+02 1.881388323675896709e-06 2.009420427466565511e-05 2.525741182773976683e-06
9.647979797979796786e+02 1.939866197014203407e-06 2.015966483797208435e-05 2.767741123550489231e-06
9.848989898989898393e+02 1.996210463570454235e-06 2.033725021708764188e-05 3.018379110883587508e-06
1.005000000000000000e+03 2.050841019691524213e-06 2.061732066770622098e-05 3.264962718761614486e-06
1.025101010101009933e+03 2.104046618383376864e-06 2.096555263180573784e-05 3.492578053242960107e-06
1.045202020202020094e+03 2.156647696024179864e-06 2.135802713890655764e-05 3.698288762664623893e-06
1.065303030303030255e+03 2.210060831288350478e-06 2.177789147196322340e-05 3.885218535765488752e-06
1.085404040404040416e+03 2.266474949997193146e-06 2.218627223645641117e-05 4.058968284494681804e-06
1.105505050505050349e+03 2.325736079656902145e-06 2.256082182045865056e-05 4.240214180667619357e-06
1.125606060606060510e+03 2.389159660850364882e-06 2.290469866497434420e-05 4.433791470354012747e-06
1.145707070707070670e+03 2.453829934508966927e-06 2.323018904726691165e-05 4.646126203824058606e-06
1.165808080808080831e+03 2.521150980224986511e-06 2.359895887704204452e-05 4.886963848022354162e-06
1.185909090909090992e+03 2.589648118101160728e-06 2.405250617514186336e-05 5.158619432732509239e-06
1.206010101010100925e+03 2.659817030733986742e-06 2.462746045718147779e-05 5.473395674185696046e-06
1.226111111111111086e+03 2.728486967156755787e-06 2.537320318265549711e-05 5.822952786989671205e-06
1.246212121212121247e+03 2.795340108669112363e-06 2.628446615696778779e-05 6.211229734821446200e-06
1.266313131313131180e+03 2.859032535835137676e-06 2.737175270471311597e-05 6.625453957566464380e-06
1.286414141414141341e+03 2.919008908273264733e-06 2.861103624736738957e-05 7.071152243990260114e-06
1.306515151515151501e+03 2.976094231399486266e-06 2.997897056991048577e-05 7.554378073135202146e-06
1.326616161616161662e+03 3.028380636157205233e-06 3.136593364818524178e-05 8.062617125210778084e-06
1.346717171717171595e+03 3.075610143748349677e-06 3.268470776703516598e-05 8.577604384762683355e-06
1.366818181818181756e+03 3.120214559655097167e-06 3.392594065171586657e-05 9.127189667132854089e-06
1.386919191919191917e+03 3.162706520293171819e-06 3.503873399696802199e-05 9.709835819006528294e-06
1.407020202020201850e+03 3.204520560102952643e-06 3.605356650967513716e-05 1.034362364568261757e-05
1.427121212121212011e+03 3.246710557151423493e-06 3.700594769752325603e-05 1.103704575645589846e-05
1.447222222222222172e+03 3.289376546824477785e-06 3.798035972290629390e-05 1.179924436175832988e-05
1.467323232323232332e+03 3.334316751599989311e-06 3.909278520923206452e-05 1.262464134076196441e-05
1.487424242424242493e+03 3.379732576244748499e-06 4.042530914567433087e-05 1.354390886548129207e-05
1.507525252525252426e+03 3.426675537145740317e-06 4.212100285598621854e-05 1.457082850406823397e-05
1.527626262626262587e+03 3.473997723001020679e-06 4.422495165936075320e-05 1.572386217775865251e-05
1.547727272727272748e+03 3.519520255791212025e-06 4.669668483415101868e-05 1.696909244992994721e-05
1.567828282828282681e+03 3.562620281733068663e-06 4.958120025097988626e-05 1.834369121034468174e-05
1.587929292929292842e+03 3.602766828688595006e-06 5.279683414301877765e-05 1.984961072791242487e-05
1.608030303030303003e+03 3.639200121432436728e-06 5.626204280531751575e-05 2.152729175209004242e-05
1.628131313131313163e+03 3.671356284846691104e-06 5.979375456579541417e-05 2.337519252658006895e-05
1.648232323232323097e+03 3.701372842953975723e-06 6.331486794805898932e-05 2.542455356245237273e-05
1.668333333333333258e+03 3.728251965055068236e-06 6.666725931832728628e-05 2.767984133592569203e-05
1.688434343434343418e+03 3.753887158145517263e-06 6.978532313733817318e-05 3.016604411432745472e-05
1.708535353535353352e+03 3.781890172936979463e-06 7.278032642490692519e-05 3.299751690928696274e-05
1.728636363636363512e+03 3.812819313680537836e-06 7.575475124279402658e-05 3.617173074154985405e-05
1.748737373737373673e+03 3.848173162416039406e-06 7.874629817856240211e-05 3.960997726026377401e-05
1.768838383838383834e+03 3.889310969914943448e-06 8.208543111255522538e-05 4.343041436923245806e-05
1.788939393939393995e+03 3.938832537576505935e-06 8.592244855854133895e-05 4.767649321526383260e-05
1.809040404040403928e+03 3.994494688695629873e-06 9.050509382559487816e-05 5.236223463805635771e-05
1.829141414141414089e+03 4.060371738980160996e-06 9.594083468392586485e-05 5.765184853730790347e-05
1.849242424242424249e+03 4.133802791070162053e-06 1.024860276001372171e-04 6.355037714539968114e-05
1.869343434343434183e+03 4.213541208458901233e-06 1.099267627801479955e-04 7.012625758840668557e-05
1.889444444444444343e+03 4.300122476746924164e-06 1.183689849235969744e-04 7.750791724392258185e-05
1.909545454545454504e+03 4.394280512065697612e-06 1.277016185712341676e-04 8.601286495056759292e-05
1.929646464646464665e+03 4.492092433036555954e-06 1.375951291891649129e-04 9.559128346207835419e-05
1.949747474747474598e+03 4.591906873975343908e-06 1.476991251689035046e-04 1.061073037457667851e-04
1.969848484848484759e+03 4.695750676341036019e-06 1.579810426728322451e-04 1.180068817803678745e-04
1.989949494949494920e+03 4.803625143600337452e-06 1.684596053031510074e-04 1.313638921974583649e-04
