2.005050505050505194e+01 4.741246878288762881e-07 4.399478934730965402e-07 7.650037861411140515e-07
4.015151515151514872e+01 4.739551835969343861e-07 4.516947150567016503e-07 4.918427267884559381e-07
6.025252525252524549e+01 4.741169426905374537e-07 5.335244170605717602e-07 5.225554330490309178e-07
8.035353535353534937e+01 4.556104298160107982e-07 5.663649399432791503e-07 6.056489315555580181e-07
1.004545454545454533e+02 5.345545179895032598e-07 5.177470826172760447e-07 5.288670439294316943e-07
1.205555555555555429e+02 5.663270813039197250e-07 6.416448800428283027e-07 5.046344088510197082e-07
1.406565656565656468e+02 5.673782598027142511e-07 7.425250442445579871e-07 4.594015087746634203e-07
1.607575757575757507e+02 5.782311720477942840e-07 8.666438549437828912e-07 4.993120122451058000e-07
1.808585858585858546e+02 5.978664722965161186e-07 1.052845752257157777e-06 4.850006588742910696e-07
2.009595959595959584e+02 6.882178950482342301e-07 1.394652520340052488e-06 4.616234720957110920e-07
2.210606060606060623e+02 7.526748104390163367e-07 1.897323445247529763e-06 4.639197691336936126e-07
2.411616161616161662e+02 7.491695573496662770e-07 2.496586799777713914e-06 4.620632160183749660e-07
2.612626262626262132e+02 8.157064302009120958e-07 3.580918395922137891e-06 4.563381139568583452e-07
2.813636363636363740e+02 8.408837688956187105e-07 5.506966945540678720e-06 4.689623706361392726e-07
3.014646464646464210e+02 8.617867412040209346e-07 7.130272901880666935e-06 5.079321283249338156e-07
3.215656565656565817e+02 9.102351034195480720e-07 9.256989329467618294e-06 4.697234145627119883e-07
3.416666666666666288e+02 8.951881538919061400e-07 9.922679049525264197e-06 5.174194722165328829e-07
3.617676767676767895e+02 9.532429407096660693e-07 9.788967088799431222e-06 5.268449135698259097e-07
3.818686868686868365e+02 9.103606805730881840e-07 9.076697503931034690e-06 5.699017217531147121e-07
4.019696969696969973e+02 9.422469371459784686e-07 8.996970748787894571e-06 5.670202681281618790e-07
4.220707070707070443e+02 9.738857255611312676e-07 8.910465949140415726e-06 5.806330038760653916e-07
4.421717171717172050e+02 8.865952781290957968e-07 8.722746043606778601e-06 6.134786714287049291e-07
4.622727272727272521e+02 9.743013325969899829e-07 8.797622216600182524e-06 6.174065180326865145e-07
4.823737373737373559e+02 9.919034447702004753e-07 1.014222919052978382e-05 6.426677992545515921e-07
5.024747474747474030e+02 9.811573683259664028e-07 1.054519663069266639e-05 6.732476707154888250e-07
5.225757575757575069e+02 1.043042307994190792e-06 1.177739772796445205e-05 6.732599546065368679e-07
5.426767676767676676e+02 1.091690359353188740e-06 1.340705547556752169e-05 7.065684961045849616e-07
5.627777777777778283e+02 1.113082000548441460e-06 1.612060999075467279e-05 7.600534274237390021e-07
5.828787878787878753e+02 1.107606111976034825e-06 1.827069410836817013e-05 7.490817949034361079e-07
6.029797979797979224e+02 1.184476533673736517e-06 1.924570667636992416e-05 8.244001915356398676e-07
6.230808080808080831e+02 1.200962558209710048e-06 2.005965292595210378e-05 9.079246749976769702e-07
6.431818181818182438e+02 1.273251864078588387e-06 1.999913605317234230e-05 9.579137953492781996e-07
6.632828282828281772e+02 1.256542896379747658e-06 2.069249146139281654e-05 1.018363858492611956e-06
6.833838383838383379e+02 1.241110597795318697e-06 2.018771926719372615e-05 1.098131801814077829e-06
7.034848484848484986e+02 1.278197739417646590e-06 1.936081878302629131e-05 1.227683113103124523e-06
7.235858585858585457e+02 1.369944938183078935e-06 1.912066168187181371e-05 1.276681786412301957e-06
7.436868686868685927e+02 1.343778512343920928e-06 1.895963919864045836e-05 1.282488024343360446e-06
7.637878787878787534e+02 1.384099300628372889e-06 1.894038515172486622e-05 1.445756811803299494e-06
7.838888888888889142e+02 1.441323906324597186e-06 1.949614456495365054e-05 1.541717444681755812e-06
8.039898989898989612e+02 1.447710649707296132e-06 1.921150354161585037e-05 1.540695744454400928e-06
8.240909090909090082e+02 1.497297894018974628e-06 1.970446285099017696e-05 1.631555291741789842e-06
8.441919191919191690e+02 1.532285247898579860e-06 2.025863651166396825e-05 1.709356885957496292e-06
8.642929292929293297e+02 1.653758062294664198e-06 2.069560730680881623e-05 1.919292230976437948e-06
8.843939393939393767e+02 1.662292608625119661e-06 1.998671595267329109e-05 1.970290568669147232e-06
9.044949494949494238e+02 1.756366636148313904e-06 2.055910925506746747e-05 2.126278345437591604e-06
9.245959595959595845e+02 1.788504395779600935e-06 1.992065843503246149e-05 2.290651822349179042e-06
9.446969696969697452e+02 1.878399296640244543e-06 2.122843567184109633e-05 2.618063069019976155e-06
9.647979797979796786e+02 2.008902743121988249e-06 2.069990759103805964e-05 2.827174140616843710e-06
9.848989898989898393e+02 2.008211610179616378e-06 2.046254598749118532e-05 3.151957479587627071e-06
1.005000000000000000e+03 2.061287113338047686e-06 2.142925272926791050e-05 3.238200333318278151e-06
1.025101010101009933e+03 2.046747233474757257e-06 2.093323086315291274e-05 3.460614455058352501e-06
1.045202020202020094e+03 2.231389424279906378e-06 2.128680943794629873e-05 3.775428848957880684e-06
1.065303030303030255e+03 2.278107755242025812e-06 2.155469734033031378e-05 3.920216985153322554e-06
1.085404040404040416e+03 2.222213400760615671e-06 2.239896287689855942e-05 4.149567135233410883e-06
1.105505050505050349e+03 2.289380258602901759e-06 2.170121729672800609e-05 4.061166318186099253e-06
1.125606060606060510e+03 2.286224151134627274e-06 2.267178176911757132e-05 4.377214952132908173e-06
1.145707070707070670e+03 2.402625550862063778e-06 2.285568206140778074e-05 4.726730893740515309e-06
1.165808080808080831e+03 2.432094326458045704e-06 2.390191391828056240e-05 4.855331178814958496e-06
1.185909090909090992e+03 2.536631670543326207e-06 2.478736301497188468e-05 5.113514317189108143e-06
1.206010101010100925e+03 2.654639620665383030e-06 2.417805341887600996e-05 5.605527151396228325e-06
1.226111111111111086e+03 2.626676713352903467e-06 2.477516063586989353e-05 6.048986994775672180e-06
1.246212121212121247e+03 2.768897649052526333e-06 2.591227464450009672e-05 6.262719005468748453e-06
1.266313131313131180e+03 2.903236950475161339e-06 2.681074049342265848e-05 6.680303665416008662e-06
1.286414141414141341e+03 2.933731748995117534e-06 2.879695064617686351e-05 7.277039397289124143e-06
1.306515151515151501e+03 3.006598968319847057e-06 3.031954062926495348e-05 7.354641295906412754e-06
1.326616161616161662e+03 3.035635021354078494e-06 3.153674055247449737e-05 8.321677341691587318e-06
1.346717171717171595e+03 3.109398984704104135e-06 3.165539713619359443e-05 8.559038000575734556e-06
1.366818181818181756e+03 3.130956165840076144e-06 3.353790001018354801e-05 9.181283374131271174e-06
1.386919191919191917e+03 3.233367815679117628e-06 3.402521517625849829e-05 9.881246425825199506e-06
1.407020202020201850e+03 3.067295282209629096e-06 3.515358717494262004e-05 1.040107296836025203e-05
1.427121212121212011e+03 3.288591442156400218e-06 3.735913949594926232e-05 1.089752917158454961e-05
1.447222222222222172e+03 3.303575680015980857e-06 3.599922571559103948e-05 1.167166412288300694e-05
1.467323232323232332e+03 3.306093134957279228e-06 3.803551574861641240e-05 1.303640447383377503e-05
1.487424242424242493e+03 3.391501956285417019e-06 3.988217045094534562e-05 1.336982898840720685e-05
1.507525252525252426e+03 3.434793869345914088e-06 4.267934761545695674e-05 1.433323808007467560e-05
1.527626262626262587e+03 3.427162139098328635e-06 4.324442987968331775e-05 1.576596478340997428e-05
1.547727272727272748e+03 3.498793236037618312e-06 4.673563931425598640e-05 1.723795427015148283e-05
1.567828282828282681e+03 3.536490222046151268e-06 4.942370628718818998e-05 1.881264455811604367e-05
1.587929292929292842e+03 3.573980575244977122e-06 5.428730773317822449e-05 1.948358213827200463e-05
1.608030303030303003e+03 3.526393622248030064e-06 5.516927978899877934e-05 2.111834290746177081e-05
1.628131313131313163e+03 3.556516797038857644e-06 5.942565098579694668e-05 2.361791118247337683e-05
1.648232323232323097e+03 3.588704931997513685e-06 6.235521974225861821e-05 2.542424802061127716e-05
1.668333333333333258e+03 3.600374845447900426e-06 6.621323659831912717e-05 2.799658980431302233e-05
1.688434343434343418e+03 3.695751978971179937e-06 6.944959266755231517e-05 2.973812796363182966e-05
1.708535353535353352e+03 3.803997878917764064e-06 7.169816222953601516e-05 3.345256354449661500e-05
1.728636363636363512e+03 3.777077740661418328e-06 7.350837264818310549e-05 3.633395610110455739e-05
1.748737373737373673e+03 3.793011755733503337e-06 7.557507873275282799e-05 3.898951886902459840e-05
1.768838383838383834e+03 3.905449731304101767e-06 8.181771275944131811e-05 4.187232409904718229e-05
1.788939393939393995e+03 3.848902818225287430e-06 8.475968047847301436e-05 4.714657627838087590e-05
1.809040404040403928e+03 3.977370916967878483e-06 8.888274337856113465e-05 5.183515533750344056e-05
1.829141414141414089e+03 3.957553435688584196e-06 9.784216407049995963e-05 5.773750157836095748e-05
1.849242424242424249e+03 4.201181621920968588e-06 9.831506330176179151e-05 6.399793463089594207e-05
1.869343434343434183e+03 4.200994409875853705e-06 1.071802607832732316e-04 7.026289519286777656e-05
1.889444444444444343e+03 4.292114323102645493e-06 1.182206751400521845e-04 7.700842893432077946e-05
1.909545454545454504e+03 4.395795448846522100e-06 1.273544787835734302e-04 8.634221210267645392e-05
1.929646464646464665e+03 4.421560425834565531e-06 1.354893961175125466e-04 9.559170018879394872e-05
1.949747474747474598e+03 4.533819673460314345e-06 1.472600635432906612e-04 1.038091824023784204e-04
1.969848484848484759e+03 4.566347812381983928e-06 1.551838907098340497e-04 1.181215571520155934e-04
1.989949494949494920e+03 4.744697213180433712e-06 1.645974670591757280e-04 1.299672540037058021e-04
