2.005050505050505194e+01 3.524172342704882723e-07 3.428654200174115645e-07 4.127915659935532806e-07
4.015151515151514872e+01 3.579127601276504722e-07 3.547069379986831164e-07 4.085814597337611057e-07
6.025252525252524549e+01 3.641208976133210248e-07 3.716870843251884143e-07 4.003446971944835179e-07
8.035353535353534937e+01 3.773345738717417684e-07 4.022177226354462937e-07 3.962441126772767387e-07
1.004545454545454533e+02 3.990063875608667775e-07 4.522360757378290471e-07 3.947516217617627906e-07
1.205555555555555429e+02 4.251062592525764451e-07 5.220413462091764741e-07 3.915187780816530915e-07
1.406565656565656468e+02 4.567999269685533864e-07 6.187557136071999918e-07 3.878307668180305643e-07
1.607575757575757507e+02 4.950528350285157245e-07 7.586254144181329422e-07 3.846192435805335842e-07
1.808585858585858546e+02 5.390032751520468253e-07 9.629157203155104370e-07 3.819137403161400369e-07
2.009595959595959584e+02 5.855099081345049050e-07 1.263051745202261728e-06 3.804179496098738194e-07
2.210606060606060623e+02 6.356836038941678217e-07 1.717596894589059994e-06 3.817156425549355147e-07
2.411616161616161662e+02 6.866331609197059683e-07 2.429415837116514615e-06 3.865175850511471024e-07
2.612626262626262132e+02 7.343812607996361667e-07 3.516636581893251678e-06 3.944183241272683572e-07
2.813636363636363740e+02 7.773259798457184167e-07 5.092988025949825751e-06 4.073219308783511272e-07
3.014646464646464210e+02 8.139373863089319097e-07 7.116909613572168671e-06 4.244249486788877358e-07
3.215656565656565817e+02 8.419678222452787207e-07 8.937905223713888265e-06 4.443409693819104154e-07
3.416666666666666288e+02 8.623978891701798894e-07 9.848317767755628753e-06 4.666970456997700667e-07
3.617676767676767895e+02 8.776355875575680092e-07 9.782268623303177365e-06 4.906565189626318178e-07
3.818686868686868365e+02 8.890562398550009436e-07 9.239018476329503095e-06 5.139688459142816805e-07
4.019696969696969973e+02 8.996423710069274581e-07 8.715038818306005460e-06 5.355718262152196143e-07
4.220707070707070443e+02 9.105680714718417390e-07 8.425246533465347571e-06 5.546083870972441335e-07
4.421717171717172050e+02 9.235362633505305760e-07 8.432071547680171201e-06 5.717244694143559169e-07
4.622727272727272521e+02 9.404778184164423067e-07 8.773347851294561182e-06 5.881931845048530082e-07
4.823737373737373559e+02 9.607584368940248259e-07 9.448704460440065310e-06 6.040834826850400914e-07
5.024747474747474030e+02 9.858813893993873575e-07 1.054178511811954603e-05 6.226337933024721358e-07
5.225757575757575069e+02 1.014683722576491927e-06 1.200943612756662187e-05 6.451938597273418366e-07
5.426767676767676676e+02 1.045808700363078994e-06 1.376140852728273979e-05 6.726685585874327124e-07
5.627777777777778283e+02 1.078431112862395703e-06 1.567649011928018326e-05 7.075846129176624603e-07
5.828787878787878753e+02 1.111991373648380902e-06 1.747998119225805102e-05 7.513610054154971020e-07
6.029797979797979224e+02 1.145470727457548235e-06 1.883165534197177649e-05 8.036689204941351415e-07
6.230808080808080831e+02 1.176937378037035001e-06 1.951330256377397984e-05 8.635151613217610443e-07
6.431818181818182438e+02 1.207213787759633118e-06 1.962178882882016637e-05 9.318139909070013433e-07
6.632828282828281772e+02 1.235403163996820980e-06 1.935902987198276839e-05 1.005947226174760235e-06
6.833838383838383379e+02 1.262785650157723931e-06 1.898415750451058328e-05 1.081352618863425998e-06
7.034848484848484986e+02 1.290694286190083307e-06 1.865758015852691645e-05 1.157684766049106899e-06
7.235858585858585457e+02 1.319147086180933776e-06 1.847941299663496191e-05 1.230475411881554166e-06
7.436868686868685927e+02 1.349001684379798235e-06 1.848868873964657966e-05 1.295403644843466518e-06
7.637878787878787534e+02 1.383025871435859935e-06 1.868663427984593465e-05 1.357710101728023172e-06
7.838888888888889142e+02 1.421127409204993665e-06 1.900221915335952087e-05 1.419106828249518001e-06
8.039898989898989612e+02 1.463878249371089426e-06 1.938873733484594502e-05 1.485388051892576598e-06
8.240909090909090082e+02 1.511714235572968170e-06 1.975771235444536683e-05 1.563475033035187763e-06
8.441919191919191690e+02 1.563841108340976715e-06 2.002126950349600394e-05 1.655055025157760790e-06
8.642929292929293297e+02 1.620076420520750531e-06 2.016981479646893553e-05 1.767867051358188486e-06
8.843939393939393767e+02 1.679636182768398159e-06 2.020932100730795351e-05 1.906530046397366046e-06
9.044949494949494238e+02 1.742187746904993123e-06 2.016810079280526193e-05 2.077480361706035238e-06
9.245959595959595845e+02 1.805510568096867450e-06 2.010119407505984852e-05 2.279262042742631569e-06
9.446969696969697452e+02 1.866237130224503574e-06 2.006464703321642027e-05 2.503091410460427399e-06
9.647979797979796786e+02 1.925155234709879504e-06 2.012383461316675582e-05 2.743370865646611342e-06
9.848989898989898393e+02 1.982119012683864312e-06 2.027826462872614981e-05 2.994612746961335340e-06
1.005000000000000000e+03 2.038039855684957065e-06 2.054051974290660047e-05 3.238438626799590974e-06
1.025101010101009933e+03 2.091776286718012658e-06 2.087118232517648218e-05 3.464808077389420671e-06
1.045202020202020094e+03 2.144582043939469179e-06 2.126218014995089295e-05 3.669891805741444816e-06
1.065303030303030255e+03 2.198611845784849388e-06 2.166389404456209975e-05 3.857738706040917558e-06
1.085404040404040416e+03 2.253621525940232782e-06 2.204368568270910031e-05 4.034005699260085984e-06
1.105505050505050349e+03 2.312740709399270658e-06 2.240401971009552229e-05 4.215779310118548250e-06
1.125606060606060510e+03 2.374338965106146432e-06 2.273584162455098083e-05 4.409893122850655866e-06
1.145707070707070670e+03 2.437789537336221081e-06 2.305687666542353067e-05 4.624940176014543996e-06
1.165808080808080831e+03 2.502151119510821197e-06 2.341452828187914187e-05 4.863896405706415009e-06
1.185909090909090992e+03 2.569250876439919911e-06 2.384792406910584857e-05 5.141335381698369062e-06
1.206010101010100925e+03 2.637449700643974394e-06 2.442325731391097553e-05 5.455247490220526711e-06
1.226111111111111086e+03 2.705094070134460583e-06 2.515496827484179620e-05 5.809305392607574706e-06
1.246212121212121247e+03 2.771448440019695432e-06 2.604961442115206625e-05 6.197188931638298950e-06
1.266313131313131180e+03 2.833924453994995800e-06 2.711421925056634963e-05 6.616172553657180816e-06
1.286414141414141341e+03 2.894463127310042176e-06 2.830690550853088896e-05 7.058525084969841069e-06
1.306515151515151501e+03 2.952990415114631931e-06 2.965092105969915835e-05 7.542987548084039824e-06
1.326616161616161662e+03 3.005888421691572459e-06 3.099442237645298130e-05 8.046503443178135956e-06
1.346717171717171595e+03 3.054803515843836354e-06 3.228746320398723560e-05 8.555818738493790873e-06
1.366818181818181756e+03 3.101053242879672779e-06 3.349118255850592525e-05 9.099184928120063973e-06
1.386919191919191917e+03 3.145289607227625149e-06 3.459094637654556965e-05 9.680253973038391023e-06
1.407020202020201850e+03 3.187906318100036550e-06 3.557486717389695530e-05 1.030825822912540835e-05
1.427121212121212011e+03 3.230520577551675762e-06 3.651462104599445329e-05 1.100172252294344416e-05
1.447222222222222172e+03 3.273433616158079051e-06 3.748222656751756631e-05 1.176100018321279252e-05
1.467323232323232332e+03 3.316905455484451968e-06 3.856605163133731089e-05 1.259148632168269108e-05
1.487424242424242493e+03 3.361000667070742998e-06 3.989773615110973692e-05 1.350792576575431509e-05
1.507525252525252426e+03 3.406413482624956260e-06 4.156339321459454701e-05 1.454498202500325683e-05
1.527626262626262587e+03 3.450577475251855689e-06 4.363783823673763972e-05 1.569526126562492300e-05
1.547727272727272748e+03 3.493456966224971158e-06 4.608598995729235980e-05 1.693275499904875334e-05
1.567828282828282681e+03 3.533416512885297758e-06 4.891148438074095447e-05 1.829292552009656350e-05
1.587929292929292842e+03 3.570245214179907721e-06 5.207033688439254867e-05 1.978340656336049252e-05
1.608030303030303003e+03 3.603890340192383234e-06 5.544682849563644582e-05 2.144220795173149344e-05
1.628131313131313163e+03 3.634411725785087266e-06 5.890633633284352846e-05 2.326769157000823965e-05
1.648232323232323097e+03 3.661879297750347322e-06 6.233824077281962194e-05 2.528839274555974334e-05
1.668333333333333258e+03 3.688440088898773810e-06 6.557713984413048318e-05 2.750105986462481649e-05
1.688434343434343418e+03 3.714162446645003611e-06 6.859730648398506246e-05 2.994958394273525162e-05
1.708535353535353352e+03 3.741785783389676342e-06 7.151104905773998047e-05 3.273590996033072314e-05
1.728636363636363512e+03 3.773757241396713792e-06 7.437442465831869878e-05 3.587473023602068853e-05
1.748737373737373673e+03 3.809141345030635947e-06 7.733622627503890050e-05 3.926101788337815068e-05
1.768838383838383834e+03 3.850443038366423134e-06 8.059123981745563601e-05 4.303783428994702436e-05
1.788939393939393995e+03 3.900370723111669178e-06 8.440393240455380569e-05 4.723897007987739986e-05
1.809040404040403928e+03 3.956717221066701576e-06 8.895464024742197611e-05 5.185750668877334445e-05
1.829141414141414089e+03 4.021250394454295308e-06 9.438079102385975067e-05 5.705218838253755788e-05
1.849242424242424249e+03 4.093610077489423361e-06 1.008683905449112543e-04 6.288255876254979140e-05
1.869343434343434183e+03 4.173434174197755316e-06 1.082829138678154378e-04 6.937326893547155003e-05
1.889444444444444343e+03 4.258811453506878631e-06 1.165376987445541733e-04 7.667152888711628372e-05
1.909545454545454504e+03 4.351522566138809730e-06 1.257993777174572800e-04 8.508858564676191659e-05
1.929646464646464665e+03 4.448939452301566014e-06 1.354678841062965369e-04 9.455280074368522451e-05
1.949747474747474598e+03 4.547268671813085591e-06 1.451849438890880626e-04 1.049979131598324425e-04
1.969848484848484759e+03 4.650736384908529292e-06 1.550944637413456608e-04 1.167185284296944276e-04
1.989949494949494920e+03 4.757063485095151603e-06 1.652182945387183283e-04 1.300447845684854866e-04
