2.005050505050505194e+01 4.205243201653168069e-07 4.254980812461555753e-07 6.674927573142827330e-07
4.015151515151514872e+01 4.664051302340728118e-07 5.348295524131017749e-07 5.938080861672225548e-07
6.025252525252524549e+01 5.193430158537754571e-07 4.765758537048221388e-07 5.430630946684342444e-07
8.035353535353534937e+01 4.827256626896295250e-07 5.136657201004537718e-07 5.761038903649133407e-07
1.004545454545454533e+02 4.527916980811612001e-07 6.176818313622150920e-07 4.292510281632061817e-07
1.205555555555555429e+02 4.956333276735372502e-07 6.208426070594248933e-07 5.221812608976629116e-07
1.406565656565656468e+02 5.685462567684859044e-07 7.269828239188376627e-07 4.744543953761401456e-07
1.607575757575757507e+02 5.499707647993166822e-07 8.081283443951835912e-07 4.658028328000206647e-07
1.808585858585858546e+02 6.298288436377706064e-07 1.058541144013606812e-06 4.280099333940139994e-07
2.009595959595959584e+02 6.120459948688734849e-07 1.365332052000700592e-06 4.429065051208092531e-07
2.210606060606060623e+02 6.963173122455314730e-07 1.790873407390121213e-06 4.239424578620051434e-07
2.411616161616161662e+02 7.192502787786566239e-07 2.311583266114457119e-06 4.618836284684097847e-07
2.612626262626262132e+02 7.567339293251222005e-07 3.397484008041204857e-06 4.413278430243868256e-07
2.813636363636363740e+02 8.269164365234441114e-07 5.033990280814795612e-06 4.466362019292405830e-07
3.014646464646464210e+02 8.812433052599641456e-07 6.741959017022819791e-06 4.662603087402815964e-07
3.215656565656565817e+02 8.589806235243029815e-07 8.937287965603747544e-06 4.801684633271072108e-07
3.416666666666666288e+02 8.671354502030559063e-07 9.757865563378717653e-06 5.468616213817701556e-07
3.617676767676767895e+02 9.751267607099259180e-07 8.980235006926034168e-06 5.267652770588034802e-07
3.818686868686868365e+02 9.077031300241208847e-07 9.368672377616146842e-06 5.155347056594946438e-07
4.019696969696969973e+02 9.262552000486742610e-07 8.926928869162669751e-06 5.624362383039637662e-07
4.220707070707070443e+02 9.632681966870658945e-07 7.969422959291615069e-06 5.841939311627934437e-07
4.421717171717172050e+02 9.030103081269306298e-07 8.601956577429232574e-06 6.194944870916021347e-07
4.622727272727272521e+02 9.243773575186525846e-07 8.666114628043222439e-06 6.099689358134772638e-07
4.823737373737373559e+02 1.012696926030098603e-06 9.366013123998330868e-06 5.931614741587402202e-07
5.024747474747474030e+02 9.676220688100943325e-07 1.073814144154644258e-05 6.428637826460590630e-07
5.225757575757575069e+02 1.066173261117270806e-06 1.149452064784593250e-05 6.830246481768824065e-07
5.426767676767676676e+02 1.122196832951528199e-06 1.319261313163351119e-05 7.136287018792056586e-07
5.627777777777778283e+02 1.086516826319544812e-06 1.530088060821305787e-05 7.530378368741604052e-07
5.828787878787878753e+02 1.087846237477806308e-06 1.729385929455864329e-05 7.803491110085009558e-07
6.029797979797979224e+02 1.181155554907831849e-06 1.896264154878570679e-05 8.181668947289579665e-07
6.230808080808080831e+02 1.182405183335314888e-06 1.980038005744376835e-05 8.874519441504843301e-07
6.431818181818182438e+02 1.211972118885301975e-06 1.841297576558141846e-05 9.677521304832044146e-07
6.632828282828281772e+02 1.251931128091719987e-06 1.879547219386065081e-05 1.089481974915512543e-06
6.833838383838383379e+02 1.290125095386262079e-06 1.847366194315574941e-05 1.093693177550314479e-06
7.034848484848484986e+02 1.317518465006462278e-06 1.811451711288571459e-05 1.211883607509489184e-06
7.235858585858585457e+02 1.325125007286557388e-06 1.819486567422440429e-05 1.274672181337794240e-06
7.436868686868685927e+02 1.447861764749121592e-06 1.750451968907896849e-05 1.291440594981661965e-06
7.637878787878787534e+02 1.388020469173908905e-06 1.775766167986832973e-05 1.373372758460995055e-06
7.838888888888889142e+02 1.404960980160011522e-06 1.882421974223636110e-05 1.457643119339235484e-06
8.039898989898989612e+02 1.436774948983963787e-06 1.950577978117016713e-05 1.500149344293626405e-06
8.240909090909090082e+02 1.485422942475250071e-06 1.919559356289501039e-05 1.645837621663538478e-06
8.441919191919191690e+02 1.629248754842584794e-06 1.887931992557283651e-05 1.687754396282518648e-06
8.642929292929293297e+02 1.565587063997061824e-06 1.951363475123196102e-05 1.824380241675898049e-06
8.843939393939393767e+02 1.700341918456848557e-06 1.956523653241222749e-05 1.908533749054625947e-06
9.044949494949494238e+02 1.779828628935395606e-06 1.947874998161015626e-05 2.021029075270027240e-06
9.245959595959595845e+02 1.815175629372453309e-06 1.988729847861246658e-05 2.359954472392174854e-06
9.446969696969697452e+02 1.842332820554084875e-06 2.020251328754850607e-05 2.612327953292546578e-06
9.647979797979796786e+02 1.855068088908984196e-06 1.976105502264976246e-05 2.948335794183150796e-06
9.848989898989898393e+02 1.929339198077502660e-06 2.023421057961506843e-05 2.986097386677914063e-06
1.005000000000000000e+03 2.060182424874190062e-06 1.970593912214932419e-05 3.294796868203309781e-06
1.025101010101009933e+03 2.165455713666987230e-06 2.060832981985032152e-05 3.535444257924331046e-06
1.045202020202020094e+03 2.156404216800966909e-06 2.060936738391179406e-05 3.699127521213817445e-06
1.065303030303030255e+03 2.188291183191078529e-06 2.104118532834213054e-05 4.047131839517889236e-06
1.085404040404040416e+03 2.198911761716890593e-06 2.147223120207456210e-05 4.057879532300350697e-06
1.105505050505050349e+03 2.381602262582686820e-06 2.229023098168207931e-05 4.254976287451654888e-06
1.125606060606060510e+03 2.394177656860433574e-06 2.247082026485313486e-05 4.484434300304307719e-06
1.145707070707070670e+03 2.426978273689479816e-06 2.265587223247190351e-05 4.726637021615169667e-06
1.165808080808080831e+03 2.521825790941434238e-06 2.341690418974849935e-05 4.939516690548500499e-06
1.185909090909090992e+03 2.585562494141522232e-06 2.309060514977067080e-05 5.160860137359719360e-06
1.206010101010100925e+03 2.675506665290980361e-06 2.412088635366275722e-05 5.563203050026408157e-06
1.226111111111111086e+03 2.683040437460646606e-06 2.501272650663093075e-05 5.790535615458908049e-06
1.246212121212121247e+03 2.801519924319985805e-06 2.587921585867058248e-05 6.236992844005942406e-06
1.266313131313131180e+03 2.830435523493755243e-06 2.758384116546830356e-05 6.616871845583536621e-06
1.286414141414141341e+03 3.019160636084594208e-06 2.710650325395159096e-05 7.259738016610864040e-06
1.306515151515151501e+03 2.911782271980929345e-06 2.900118734197350002e-05 7.549522042389820242e-06
1.326616161616161662e+03 2.927046959602245377e-06 3.058326962847192891e-05 8.280116970508308785e-06
1.346717171717171595e+03 2.928255268337424393e-06 3.122085445342085531e-05 8.793616387452726630e-06
1.366818181818181756e+03 3.189820031509199645e-06 3.366786397789507418e-05 9.172887652506509163e-06
1.386919191919191917e+03 3.125646899436238234e-06 3.392943615082982800e-05 9.901488444634616557e-06
1.407020202020201850e+03 3.144319884455141544e-06 3.523280027442084574e-05 1.024943483209529439e-05
1.427121212121212011e+03 3.297382933043100215e-06 3.613527168699510474e-05 1.085774853419239794e-05
1.447222222222222172e+03 3.303354172324153781e-06 3.739745241549588919e-05 1.198613219484564635e-05
1.467323232323232332e+03 3.306865402163377529e-06 3.788644436798837227e-05 1.223053529785061809e-05
1.487424242424242493e+03 3.415502183537668704e-06 3.986656610586059458e-05 1.368662334336494927e-05
1.507525252525252426e+03 3.333032868666087555e-06 4.170135795124894961e-05 1.454591518473430129e-05
1.527626262626262587e+03 3.364018750260795027e-06 4.295899912396273357e-05 1.528053326696036409e-05
1.547727272727272748e+03 3.432874995892509956e-06 4.618484518572518922e-05 1.696488282617848948e-05
1.567828282828282681e+03 3.576783824562604768e-06 4.780363734464123862e-05 1.827237072381376949e-05
1.587929292929292842e+03 3.553452653827624916e-06 5.151100140132565852e-05 1.947384184524306359e-05
1.608030303030303003e+03 3.612477635930721506e-06 5.481362495922305621e-05 2.096463694179399349e-05
1.628131313131313163e+03 3.529501391321426885e-06 5.917638439256606018e-05 2.344399865998169491e-05
1.648232323232323097e+03 3.661283151244862370e-06 6.092103255161957073e-05 2.492576602568745804e-05
1.668333333333333258e+03 3.716346754821468096e-06 6.483505573287347420e-05 2.697792955843005932e-05
1.688434343434343418e+03 3.661120254622462885e-06 6.840153669714478610e-05 3.024807909148089172e-05
1.708535353535353352e+03 3.796092257356550613e-06 6.862824813750692814e-05 3.262147490321991712e-05
1.728636363636363512e+03 3.807638415691503181e-06 7.548618031784834199e-05 3.556781219382220034e-05
1.748737373737373673e+03 3.798994106438475894e-06 7.901019392743968976e-05 3.952592572656397316e-05
1.768838383838383834e+03 3.888002170869570711e-06 7.974814145253846702e-05 4.265644318474421959e-05
1.788939393939393995e+03 4.012686618168545244e-06 8.292028186465075917e-05 4.784932378199018748e-05
1.809040404040403928e+03 4.084336492253456647e-06 8.862028962405484338e-05 4.975702634673317000e-05
1.829141414141414089e+03 4.111188638606854418e-06 9.509096450686272295e-05 5.600005500574654557e-05
1.849242424242424249e+03 4.046878396282118024e-06 1.020162762027734013e-04 6.220672255816584069e-05
1.869343434343434183e+03 4.265898017903448733e-06 1.093586663982491563e-04 6.889048857817134158e-05
1.889444444444444343e+03 4.198924527576160571e-06 1.158318263387339938e-04 7.747378188084656162e-05
1.909545454545454504e+03 4.482027550573828207e-06 1.284196499733470948e-04 8.310303041838632281e-05
1.929646464646464665e+03 4.437342602146142000e-06 1.325345747185958359e-04 9.320507013096738494e-05
1.949747474747474598e+03 4.569286589073176000e-06 1.411333841426842340e-04 1.031255858740123219e-04
1.969848484848484759e+03 4.599935194695713236e-06 1.535680249335048093e-04 1.172864607926362676e-04
1.989949494949494920e+03 4.767639029805453701e-06 1.659278285432073355e-04 1.295284537987072000e-04
