2.000000000000000000e+00 5.717777720052294953e-08
3.000000000000000000e+00 6.666390025116189367e-08
4.000000000000000000e+00 7.549524990448247252e-08
5.000000000000000000e+00 8.340424415664821718e-08
6.000000000000000000e+00 9.040462538750531534e-08
7.000000000000000000e+00 9.661983294148434745e-08
8.000000000000000000e+00 1.021517926805929984e-07
9.000000000000000000e+00 1.070902486767212644e-07
1.000000000000000000e+01 1.115023034223257856e-07
1.100000000000000000e+01 1.154737451694563993e-07
1.200000000000000000e+01 1.190038692893595699e-07
1.300000000000000000e+01 1.222011636711529673e-07
1.400000000000000000e+01 1.250485780798719261e-07
1.500000000000000000e+01 1.276241404964611876e-07
1.600000000000000000e+01 1.299359232706273094e-07
1.700000000000000000e+01 1.319893957247441356e-07
1.800000000000000000e+01 1.338419093171938300e-07
1.900000000000000000e+01 1.354986337068504040e-07
2.000000000000000000e+01 1.369635176500933166e-07
2.100000000000000000e+01 1.382602416265519347e-07
2.200000000000000000e+01 1.394152061147482027e-07
2.300000000000000000e+01 1.404293926911872616e-07
2.400000000000000000e+01 1.413136522276619675e-07
2.500000000000000000e+01 1.420814821357881049e-07
2.600000000000000000e+01 1.427304362684835849e-07
2.700000000000000000e+01 1.432837935956988343e-07
2.800000000000000000e+01 1.437464826067250914e-07
2.900000000000000000e+01 1.441190564679057775e-07
3.000000000000000000e+01 1.444160139210013254e-07
3.100000000000000000e+01 1.446222356751664567e-07
3.200000000000000000e+01 1.447684679893584008e-07
3.300000000000000000e+01 1.448489700118273850e-07
3.400000000000000000e+01 1.448740697418940459e-07
3.500000000000000000e+01 1.448405388094264427e-07
3.600000000000000000e+01 1.447543249308901465e-07
3.700000000000000000e+01 1.446146487480457871e-07
3.800000000000000000e+01 1.444298413503862786e-07
3.900000000000000000e+01 1.442082584285708246e-07
4.000000000000000000e+01 1.439470228475410733e-07
4.100000000000000000e+01 1.436478267857562225e-07
4.200000000000000000e+01 1.433168971095700999e-07
4.300000000000000000e+01 1.429515069685317270e-07
4.400000000000000000e+01 1.425534651273913585e-07
4.500000000000000000e+01 1.421290874907328390e-07
4.600000000000000000e+01 1.416802268129251089e-07
4.700000000000000000e+01 1.412087608190410034e-07
4.800000000000000000e+01 1.407165895651863009e-07
4.900000000000000000e+01 1.402034026129619607e-07
5.000000000000000000e+01 1.396689147203115349e-07
5.100000000000000000e+01 1.391173172996645860e-07
5.200000000000000000e+01 1.385483583029475069e-07
5.300000000000000000e+01 1.379640286861435647e-07
5.400000000000000000e+01 1.373663307237592595e-07
5.500000000000000000e+01 1.367550562679945548e-07
5.600000000000000000e+01 1.361322315025914811e-07
5.700000000000000000e+01 1.354998908233993652e-07
5.800000000000000000e+01 1.348578595595385502e-07
5.900000000000000000e+01 1.342059750291834807e-07
6.000000000000000000e+01 1.335462995656287990e-07
6.100000000000000000e+01 1.328764750957187802e-07
6.200000000000000000e+01 1.322007927005535746e-07
6.300000000000000000e+01 1.315191218638361389e-07
6.400000000000000000e+01 1.308313403201062755e-07
6.500000000000000000e+01 1.301395418254654257e-07
6.600000000000000000e+01 1.294436156851269510e-07
6.700000000000000000e+01 1.287434578854565523e-07
6.800000000000000000e+01 1.280411760365018572e-07
6.900000000000000000e+01 1.273322662297330472e-07
7.000000000000000000e+01 1.266232552846655458e-07
7.100000000000000000e+01 1.259118533589470385e-07
7.200000000000000000e+01 1.252001826502179412e-07
7.300000000000000000e+01 1.244859643737600334e-07
7.400000000000000000e+01 1.237713276719290541e-07
7.500000000000000000e+01 1.230562029302499160e-07
7.600000000000000000e+01 1.223405242337206271e-07
7.700000000000000000e+01 1.216242291242983673e-07
7.800000000000000000e+01 1.209094555724314273e-07
7.900000000000000000e+01 1.201961452545409409e-07
8.000000000000000000e+01 1.194820469940804268e-07
8.100000000000000000e+01 1.187693053132620240e-07
8.200000000000000000e+01 1.180578701316439571e-07
8.300000000000000000e+01 1.173498876286838832e-07
8.400000000000000000e+01 1.166409241724478291e-07
8.500000000000000000e+01 1.159353236132796265e-07
8.600000000000000000e+01 1.152330429847926425e-07
8.700000000000000000e+01 1.145318499029075064e-07
8.800000000000000000e+01 1.138338978198581673e-07
8.900000000000000000e+01 1.131369590881140973e-07
9.000000000000000000e+01 1.124431893910766805e-07
9.100000000000000000e+01 1.117525545853645960e-07
9.200000000000000000e+01 1.110650220240380367e-07
9.300000000000000000e+01 1.103827486556767982e-07
9.400000000000000000e+01 1.097013277299331759e-07
9.500000000000000000e+01 1.090229193117488684e-07
9.600000000000000000e+01 1.083496826968118512e-07
9.700000000000000000e+01 1.076794039501909991e-07
9.800000000000000000e+01 1.070120578988709936e-07
9.900000000000000000e+01 1.063476203945426182e-07
1.000000000000000000e+02 1.056882531675786438e-07
1.010000000000000000e+02 1.050339326759193921e-07
1.020000000000000000e+02 1.043802682011344766e-07
1.030000000000000000e+02 1.037337914161599699e-07
1.040000000000000000e+02 1.030879304685870973e-07
1.050000000000000000e+02 1.024492161457495506e-07
1.060000000000000000e+02 1.018132629967577441e-07
1.070000000000000000e+02 1.011800535336326796e-07
1.080000000000000000e+02 1.005539342937007737e-07
1.090000000000000000e+02 9.992834289666647369e-08
1.100000000000000000e+02 9.930980771578121688e-08
1.110000000000000000e+02 9.869395038345316598e-08
1.120000000000000000e+02 9.808293669497371002e-08
1.130000000000000000e+02 9.747675168105910770e-08
1.140000000000000000e+02 9.687320133034116646e-08
1.150000000000000000e+02 9.627445194053736481e-08
1.160000000000000000e+02 9.568049004291733087e-08
1.170000000000000000e+02 9.509130263214451138e-08
1.180000000000000000e+02 9.450687714651759298e-08
1.190000000000000000e+02 9.392502347765554367e-08
1.200000000000000000e+02 9.334790847485334752e-08
1.210000000000000000e+02 9.277552078334335105e-08
1.220000000000000000e+02 9.220784942291391132e-08
1.230000000000000000e+02 9.164488377259190352e-08
1.240000000000000000e+02 9.108443705395455006e-08
1.250000000000000000e+02 9.052867638300457404e-08
1.260000000000000000e+02 8.997759211842943592e-08
1.270000000000000000e+02 8.943117492435830487e-08
1.280000000000000000e+02 8.888941575836169295e-08
1.290000000000000000e+02 8.835013071276943923e-08
1.300000000000000000e+02 8.781766185113050925e-08
1.310000000000000000e+02 8.728765090077572672e-08
1.320000000000000000e+02 8.676226501943138718e-08
1.330000000000000000e+02 8.624149645921147144e-08
1.340000000000000000e+02 8.572316381075123235e-08
1.350000000000000000e+02 8.520943415555375429e-08
1.360000000000000000e+02 8.470247382591340653e-08
1.370000000000000000e+02 8.419575568732559278e-08
1.380000000000000000e+02 8.369579331797308535e-08
1.390000000000000000e+02 8.319823408292656710e-08
1.400000000000000000e+02 8.270741736917963229e-08
1.410000000000000000e+02 8.221681952138557814e-08
1.420000000000000000e+02 8.173295211169180853e-08
1.430000000000000000e+02 8.125146498342810158e-08
1.440000000000000000e+02 8.077452479147127926e-08
1.450000000000000000e+02 8.030212605726683263e-08
1.460000000000000000e+02 7.983426345312337195e-08
1.470000000000000000e+02 7.936876076032558957e-08
1.480000000000000000e+02 7.890778437217032058e-08
1.490000000000000000e+02 7.844915873377408801e-08
1.500000000000000000e+02 7.799505009233110500e-08
1.510000000000000000e+02 7.754545378580706261e-08
1.520000000000000000e+02 7.710036527545418411e-08
1.530000000000000000e+02 7.665761025922584277e-08
1.540000000000000000e+02 7.621935468265522166e-08
1.550000000000000000e+02 7.578342482829034537e-08
1.560000000000000000e+02 7.535198648012503630e-08
1.570000000000000000e+02 7.492503564453346759e-08
1.580000000000000000e+02 7.450039944148239006e-08
1.590000000000000000e+02 7.408024340954142955e-08
1.600000000000000000e+02 7.366456384383702034e-08
1.610000000000000000e+02 7.325118865391464219e-08
1.620000000000000000e+02 7.284011481426513263e-08
1.630000000000000000e+02 7.243350752253718973e-08
1.640000000000000000e+02 7.203136341496810943e-08
1.650000000000000000e+02 7.163151138259379939e-08
1.660000000000000000e+02 7.123394869643406044e-08
1.670000000000000000e+02 7.084300771995025828e-08
1.680000000000000000e+02 7.045218285119104483e-08
1.690000000000000000e+02 7.006580643422025485e-08
1.700000000000000000e+02 6.968170848855159823e-08
1.710000000000000000e+02 6.930205351311084212e-08
1.720000000000000000e+02 6.892467195314623168e-08
1.730000000000000000e+02 6.855172813148120209e-08
1.740000000000000000e+02 6.818105290494708817e-08
1.750000000000000000e+02 6.781264408973921545e-08
1.760000000000000000e+02 6.744866574214280574e-08
1.770000000000000000e+02 6.708694930902596573e-08
1.780000000000000000e+02 6.672749275661092006e-08
1.790000000000000000e+02 6.637245987564714073e-08
1.800000000000000000e+02 6.601968267534856986e-08
1.810000000000000000e+02 6.567132477179315818e-08
1.820000000000000000e+02 6.532305315501731521e-08
1.830000000000000000e+02 6.497919690766880530e-08
1.840000000000000000e+02 6.463758874768177995e-08
1.850000000000000000e+02 6.430039194003155554e-08
1.860000000000000000e+02 6.396543954336687939e-08
1.870000000000000000e+02 6.363056515738508043e-08
1.880000000000000000e+02 6.330226140399510428e-08
1.890000000000000000e+02 6.297403245915578415e-08
1.900000000000000000e+02 6.265020590134749008e-08
1.910000000000000000e+02 6.232645132948771000e-08
1.920000000000000000e+02 6.200709590535172929e-08
1.930000000000000000e+02 6.168997379531651670e-08
1.940000000000000000e+02 6.137724749163323894e-08
1.950000000000000000e+02 6.106458766068991606e-08
1.960000000000000000e+02 6.075632065443367024e-08
1.970000000000000000e+02 6.045028122679887072e-08
1.980000000000000000e+02 6.014430460821926386e-08
1.990000000000000000e+02 5.984271655758554075e-08
2.000000000000000000e+02 5.954335224670891287e-08
2.010000000000000000e+02 5.924621044728239903e-08
2.020000000000000000e+02 5.895345298799256751e-08
2.030000000000000000e+02 5.866075251835708382e-08
2.040000000000000000e+02 5.837027102036681747e-08
2.050000000000000000e+02 5.808417007976457030e-08
2.060000000000000000e+02 5.779812304232922941e-08
2.070000000000000000e+02 5.751429164064029837e-08
2.080000000000000000e+02 5.723483722157861800e-08
2.090000000000000000e+02 5.695543380412824546e-08
2.100000000000000000e+02 5.668040509481372686e-08
2.110000000000000000e+02 5.640542554919903141e-08
2.120000000000000000e+02 5.613265649417310994e-08
2.130000000000000000e+02 5.586425888765740114e-08
2.140000000000000000e+02 5.559590782259170284e-08
2.150000000000000000e+02 5.532976438843903670e-08
2.160000000000000000e+02 5.506798931524918583e-08
2.170000000000000000e+02 5.480625831326664278e-08
2.180000000000000000e+02 5.454673223898661972e-08
2.190000000000000000e+02 5.428941022398072598e-08
2.200000000000000000e+02 5.403429141566381921e-08
2.210000000000000000e+02 5.377921378043131546e-08
2.220000000000000000e+02 5.352849897722164113e-08
2.230000000000000000e+02 5.327998491366565383e-08
2.240000000000000000e+02 5.303150986189703246e-08
2.250000000000000000e+02 5.278523414963522679e-08
2.260000000000000000e+02 5.254331777466911058e-08
2.270000000000000000e+02 5.229927768912593810e-08
2.280000000000000000e+02 5.205959544722759686e-08
2.290000000000000000e+02 5.182210955694541550e-08
2.300000000000000000e+02 5.158465887073922084e-08
2.310000000000000000e+02 5.134940328179009190e-08
2.320000000000000000e+02 5.111850236942503837e-08
2.330000000000000000e+02 5.088547463925132591e-08
2.340000000000000000e+02 5.065680023699871090e-08
2.350000000000000000e+02 5.042815819998272925e-08
2.360000000000000000e+02 5.020170807193856913e-08
2.370000000000000000e+02 4.997744921591564555e-08
2.380000000000000000e+02 4.975538100570203078e-08
2.390000000000000000e+02 4.953334309840931126e-08
2.400000000000000000e+02 4.931349476611445206e-08
2.410000000000000000e+02 4.909583541161513335e-08
2.420000000000000000e+02 4.888036444761063205e-08
2.430000000000000000e+02 4.866492186616969526e-08
2.440000000000000000e+02 4.845166667489454628e-08
2.450000000000000000e+02 4.824059831319745920e-08
2.460000000000000000e+02 4.802955701559773620e-08
2.470000000000000000e+02 4.782070159549616637e-08
2.480000000000000000e+02 4.761187244470296662e-08
2.490000000000000000e+02 4.740738725171315470e-08
2.500000000000000000e+02 4.720292742132661795e-08
2.510000000000000000e+02 4.699849264950142921e-08
2.520000000000000000e+02 4.679840023093129248e-08
2.530000000000000000e+02 4.659617327755909933e-08
2.540000000000000000e+02 4.639828769086668562e-08
2.550000000000000000e+02 4.620042559645866124e-08
2.560000000000000000e+02 4.600474524801269828e-08
2.570000000000000000e+02 4.580908771297565134e-08
2.580000000000000000e+02 4.561561112462135824e-08
2.590000000000000000e+02 4.542215669276255015e-08
2.600000000000000000e+02 4.523304070273370307e-08
2.610000000000000000e+02 4.504178789904516637e-08
2.620000000000000000e+02 4.485487265815392982e-08
2.630000000000000000e+02 4.466582011601887696e-08
2.640000000000000000e+02 4.448110428138731611e-08
2.650000000000000000e+02 4.429640863370408579e-08
2.660000000000000000e+02 4.411173294465661006e-08
2.670000000000000000e+02 4.392923482583081026e-08
2.680000000000000000e+02 4.374891387511449052e-08
2.690000000000000000e+02 4.356861197987106931e-08
2.700000000000000000e+02 4.339048658500103805e-08
2.710000000000000000e+02 4.321237970638429282e-08
2.720000000000000000e+02 4.303644867915054684e-08
2.730000000000000000e+02 4.286269312751252134e-08
2.740000000000000000e+02 4.268679783251992625e-08
2.750000000000000000e+02 4.251523487376060439e-08
2.760000000000000000e+02 4.234368909807000599e-08
2.770000000000000000e+02 4.217216031884734187e-08
2.780000000000000000e+02 4.200280555035298348e-08
2.790000000000000000e+02 4.183346730210343412e-08
2.800000000000000000e+02 4.166630248414046891e-08
2.810000000000000000e+02 4.150131075732061242e-08
2.820000000000000000e+02 4.133633480888450332e-08
2.830000000000000000e+02 4.117137447112796926e-08
2.840000000000000000e+02 4.100858644961655034e-08
2.850000000000000000e+02 4.084581360403658257e-08
2.860000000000000000e+02 4.068521253965528996e-08
2.870000000000000000e+02 4.052462622930810482e-08
2.880000000000000000e+02 4.036621117922633840e-08
2.890000000000000000e+02 4.020781047367751076e-08
2.900000000000000000e+02 4.004942396388706097e-08
2.910000000000000000e+02 3.989320800932073607e-08
2.920000000000000000e+02 3.973916231325768009e-08
2.930000000000000000e+02 3.958513017784247034e-08
2.940000000000000000e+02 3.943111146434902347e-08
2.950000000000000000e+02 3.927926234151129781e-08
2.960000000000000000e+02 3.912742627015936557e-08
2.970000000000000000e+02 3.897560311812790990e-08
2.980000000000000000e+02 3.882594891368582067e-08
2.990000000000000000e+02 3.867846338324672341e-08
3.000000000000000000e+02 3.853099019453469485e-08
3.010000000000000000e+02 3.838352922423666022e-08
3.020000000000000000e+02 3.823608035067693222e-08
3.030000000000000000e+02 3.809079937406253991e-08
3.040000000000000000e+02 3.794768603571165937e-08
3.050000000000000000e+02 3.780458425323036597e-08
3.060000000000000000e+02 3.766149391304877994e-08
3.070000000000000000e+02 3.751841490308036147e-08
3.080000000000000000e+02 3.737750280234551290e-08
3.090000000000000000e+02 3.723660172155038920e-08
3.100000000000000000e+02 3.709786715327894286e-08
3.110000000000000000e+02 3.695914330323147169e-08
3.120000000000000000e+02 3.682043006810095885e-08
3.130000000000000000e+02 3.668388281231259846e-08
3.140000000000000000e+02 3.654734588119091115e-08
3.150000000000000000e+02 3.641297455527448827e-08
3.160000000000000000e+02 3.627645793580762841e-08
3.170000000000000000e+02 3.614210664222172496e-08
3.180000000000000000e+02 3.600992045156264490e-08
3.190000000000000000e+02 3.587774393589714528e-08
3.200000000000000000e+02 3.574557700431002335e-08
3.210000000000000000e+02 3.561341956702162329e-08
3.220000000000000000e+02 3.548342661746051995e-08
3.230000000000000000e+02 3.535344290322118976e-08
3.240000000000000000e+02 3.522562333818634425e-08
3.250000000000000000e+02 3.509781275637647401e-08
3.260000000000000000e+02 3.497001107493406173e-08
3.270000000000000000e+02 3.484221821201750029e-08
3.280000000000000000e+02 3.471658892440726969e-08
3.290000000000000000e+02 3.459096821487365533e-08
3.300000000000000000e+02 3.446535600525728095e-08
3.310000000000000000e+02 3.434190693706403344e-08
3.320000000000000000e+02 3.421846613698338458e-08
3.330000000000000000e+02 3.409503353036041799e-08
3.340000000000000000e+02 3.397376364539249012e-08
3.350000000000000000e+02 3.385250173033714718e-08
3.360000000000000000e+02 3.373124771387595541e-08
3.370000000000000000e+02 3.361000152553885732e-08
3.380000000000000000e+02 3.349091754519595465e-08
3.390000000000000000e+02 3.337184117943293988e-08
3.400000000000000000e+02 3.325492673554099007e-08
3.410000000000000000e+02 3.313586536061441700e-08
3.420000000000000000e+02 3.301896570146869893e-08
3.430000000000000000e+02 3.290207331912882723e-08
3.440000000000000000e+02 3.278734237748486933e-08
3.450000000000000000e+02 3.267261851368811526e-08
3.460000000000000000e+02 3.255790166623719678e-08
3.470000000000000000e+02 3.244319177434121441e-08
3.480000000000000000e+02 3.232848877790951342e-08
3.490000000000000000e+02 3.221594666586110135e-08
3.500000000000000000e+02 3.210341126071991257e-08
3.510000000000000000e+02 3.199303648312380231e-08
3.520000000000000000e+02 3.188051428529476862e-08
3.530000000000000000e+02 3.177015253283148333e-08
3.540000000000000000e+02 3.165979719272649018e-08
3.550000000000000000e+02 3.155160205066911626e-08
3.560000000000000000e+02 3.144125933894552443e-08
3.570000000000000000e+02 3.133307665079702376e-08
3.580000000000000000e+02 3.122490009430499344e-08
3.590000000000000000e+02 3.111888332310778650e-08
3.600000000000000000e+02 3.101071884317926663e-08
3.610000000000000000e+02 3.090471398136520166e-08
3.620000000000000000e+02 3.079871498357578814e-08
3.630000000000000000e+02 3.069272180124805965e-08
3.640000000000000000e+02 3.058888792675982136e-08
3.650000000000000000e+02 3.048505970745721737e-08
3.660000000000000000e+02 3.038123709689145560e-08
3.670000000000000000e+02 3.027742004912103073e-08
3.680000000000000000e+02 3.017576193067446461e-08
3.690000000000000000e+02 3.007195584099180415e-08
3.700000000000000000e+02 2.997030852822169232e-08
3.710000000000000000e+02 2.987081985438821259e-08
3.720000000000000000e+02 2.976918311040016224e-08
3.730000000000000000e+02 2.966970485781748515e-08
3.740000000000000000e+02 2.956807851311471767e-08
3.750000000000000000e+02 2.947076370858094216e-08
3.760000000000000000e+02 2.937130073008397687e-08
3.770000000000000000e+02 2.927184276183088405e-08
3.780000000000000000e+02 2.917454286677367323e-08
3.790000000000000000e+02 2.907724784265969189e-08
3.800000000000000000e+02 2.897995765095838403e-08
3.810000000000000000e+02 2.888482526675757240e-08
3.820000000000000000e+02 2.878754459635858867e-08
3.830000000000000000e+02 2.869242159961910830e-08
3.840000000000000000e+02 2.859730322684530499e-08
3.850000000000000000e+02 2.850218944193621762e-08
3.860000000000000000e+02 2.840708020916572362e-08
3.870000000000000000e+02 2.831412833140235437e-08
3.880000000000000000e+02 2.822118087815535263e-08
3.890000000000000000e+02 2.812823781523680768e-08
3.900000000000000000e+02 2.803529910881012894e-08
3.910000000000000000e+02 2.794236472538555935e-08
3.920000000000000000e+02 2.785158732831656552e-08
3.930000000000000000e+02 2.776081413247051986e-08
3.940000000000000000e+02 2.767004510579762795e-08
3.950000000000000000e+02 2.757928021657326996e-08
3.960000000000000000e+02 2.748851943339386152e-08
3.970000000000000000e+02 2.739991528352650452e-08
3.980000000000000000e+02 2.731131512341971491e-08
3.990000000000000000e+02 2.722271892301900348e-08
4.000000000000000000e+02 2.713412665257099131e-08
4.010000000000000000e+02 2.704553828261964444e-08
4.020000000000000000e+02 2.695910620765186487e-08
4.030000000000000000e+02 2.687052552495761617e-08
4.040000000000000000e+02 2.678410102697373700e-08
4.050000000000000000e+02 2.669768026213970273e-08
4.060000000000000000e+02 2.661126320281979292e-08
4.070000000000000000e+02 2.652700211391114857e-08
4.080000000000000000e+02 2.644059235790682087e-08
4.090000000000000000e+02 2.635633846686206430e-08
4.100000000000000000e+02 2.627208812232667202e-08
4.110000000000000000e+02 2.618784129836656315e-08
4.120000000000000000e+02 2.610359796929988069e-08
4.130000000000000000e+02 2.602151024849543116e-08
4.140000000000000000e+02 2.593727380802048931e-08
4.150000000000000000e+02 2.585519287563415017e-08
4.160000000000000000e+02 2.577311528819348296e-08
4.170000000000000000e+02 2.569104102159090761e-08
4.180000000000000000e+02 2.561112206624005371e-08
4.190000000000000000e+02 2.552905434536760307e-08
4.200000000000000000e+02 2.544914183982035291e-08
4.210000000000000000e+02 2.536708057145204556e-08
4.220000000000000000e+02 2.528717442383589365e-08
4.230000000000000000e+02 2.520942330196368563e-08
4.240000000000000000e+02 2.512952337420593528e-08
4.250000000000000000e+02 2.504962653537360237e-08
4.260000000000000000e+02 2.497188458483744501e-08
4.270000000000000000e+02 2.489414563258614614e-08
4.280000000000000000e+02 2.481640965756693349e-08
4.290000000000000000e+02 2.473867663892364565e-08
4.300000000000000000e+02 2.466094655599449545e-08
4.310000000000000000e+02 2.458321938830978028e-08
4.320000000000000000e+02 2.450764679660778531e-08
4.330000000000000000e+02 2.443207703382008475e-08
4.340000000000000000e+02 2.435435844519212867e-08
4.350000000000000000e+02 2.427879430441575563e-08
4.360000000000000000e+02 2.420538452395841211e-08
4.370000000000000000e+02 2.412982588273743952e-08
4.380000000000000000e+02 2.405426997427228568e-08
4.390000000000000000e+02 2.398086830222319101e-08
4.400000000000000000e+02 2.390746928118346680e-08
4.410000000000000000e+02 2.383407289308841823e-08
4.420000000000000000e+02 2.376067912003710246e-08
4.430000000000000000e+02 2.368728794429048236e-08
4.440000000000000000e+02 2.361389934826960672e-08
4.450000000000000000e+02 2.354266470491338180e-08
4.460000000000000000e+02 2.346928119458312857e-08
4.470000000000000000e+02 2.339805155942734885e-08
4.480000000000000000e+02 2.332682439241925825e-08
4.490000000000000000e+02 2.325559967704040405e-08
4.500000000000000000e+02 2.318437739691937645e-08
4.510000000000000000e+02 2.311530879770064769e-08
4.520000000000000000e+02 2.304409131847858828e-08
4.530000000000000000e+02 2.297502744615796963e-08
4.540000000000000000e+02 2.290381470444548697e-08
4.550000000000000000e+02 2.283475549656430414e-08
4.560000000000000000e+02 2.276569858746717814e-08
4.570000000000000000e+02 2.269664396203890195e-08
4.580000000000000000e+02 2.262974272152476537e-08
4.590000000000000000e+02 2.256069259817320531e-08
4.600000000000000000e+02 2.249379578945319627e-08
4.610000000000000000e+02 2.242475010964050421e-08
4.620000000000000000e+02 2.235785767504008647e-08
4.630000000000000000e+02 2.229096739613844338e-08
4.640000000000000000e+02 2.222407925897535365e-08
4.650000000000000000e+02 2.215934422468903904e-08
4.660000000000000000e+02 2.209246030977067697e-08
4.670000000000000000e+02 2.202557849551186471e-08
4.680000000000000000e+02 2.196084968416321422e-08
4.690000000000000000e+02 2.189612290745859242e-08
4.700000000000000000e+02 2.183139815239022021e-08
4.710000000000000000e+02 2.176667540606096217e-08
4.720000000000000000e+02 2.170195465568314206e-08
4.730000000000000000e+02 2.163723588857741449e-08
4.740000000000000000e+02 2.157466989168227075e-08
4.750000000000000000e+02 2.150995503442490220e-08
4.760000000000000000e+02 2.144674765611467447e-08
4.770000000000000000e+02 2.138375725925368041e-08
4.780000000000000000e+02 2.132076875383458867e-08
4.790000000000000000e+02 2.125821226896917034e-08
4.800000000000000000e+02 2.119608778167850352e-08
4.810000000000000000e+02 2.113396513565850185e-08
4.820000000000000000e+02 2.107227444924101612e-08
4.830000000000000000e+02 2.101080063690998806e-08
4.840000000000000000e+02 2.094954368190857809e-08
4.850000000000000000e+02 2.088850356761836376e-08
4.860000000000000000e+02 2.082789533512580881e-08
4.870000000000000000e+02 2.076750390688637134e-08
4.880000000000000000e+02 2.070732926671074042e-08
4.890000000000000000e+02 2.064737139854223194e-08
4.900000000000000000e+02 2.058763028645543866e-08
4.910000000000000000e+02 2.052810591465489348e-08
4.920000000000000000e+02 2.046901331426011941e-08
4.930000000000000000e+02 2.040992237438744805e-08
4.940000000000000000e+02 2.035126317143909714e-08
4.950000000000000000e+02 2.029282064336131810e-08
4.960000000000000000e+02 2.023459477501005189e-08
4.970000000000000000e+02 2.017658555136329823e-08
4.980000000000000000e+02 2.011900799378494763e-08
4.990000000000000000e+02 2.006143201323446513e-08
5.000000000000000000e+02 2.000407263304963573e-08
5.010000000000000000e+02 1.994714486978359986e-08
5.020000000000000000e+02 1.989043367449097649e-08
5.030000000000000000e+02 1.983372400518798299e-08
5.040000000000000000e+02 1.977744590476703248e-08
5.050000000000000000e+02 1.972138432976903261e-08
5.060000000000000000e+02 1.966553926623701452e-08
5.070000000000000000e+02 1.960991070032428579e-08
5.080000000000000000e+02 1.955449861829335175e-08
5.090000000000000000e+02 1.949930300651482362e-08
5.100000000000000000e+02 1.944432385146636634e-08
5.110000000000000000e+02 1.938977615404934774e-08
5.120000000000000000e+02 1.933522987067501751e-08
5.130000000000000000e+02 1.928090000410207828e-08
5.140000000000000000e+02 1.922700155063681364e-08
5.150000000000000000e+02 1.917310447683212779e-08
5.160000000000000000e+02 1.911942378082638695e-08
5.170000000000000000e+02 1.906617445437879339e-08
5.180000000000000000e+02 1.901292647406064928e-08
5.190000000000000000e+02 1.896010983479739491e-08
5.200000000000000000e+02 1.890729451977188120e-08
5.210000000000000000e+02 1.885491051771088521e-08
5.220000000000000000e+02 1.880252781835567518e-08
5.230000000000000000e+02 1.875057640427979700e-08
5.240000000000000000e+02 1.869862627173048636e-08
5.250000000000000000e+02 1.864710739717295737e-08
5.260000000000000000e+02 1.859558978330861176e-08
5.270000000000000000e+02 1.854450340053879119e-08
5.280000000000000000e+02 1.849341825796787090e-08
5.290000000000000000e+02 1.844254933426497952e-08
5.300000000000000000e+02 1.839211160202393827e-08
5.310000000000000000e+02 1.834167507985897635e-08
5.320000000000000000e+02 1.829145474206999153e-08
5.330000000000000000e+02 1.824166555694868169e-08
5.340000000000000000e+02 1.819187755250739443e-08
5.350000000000000000e+02 1.814230569872181514e-08
5.360000000000000000e+02 1.809294998451774243e-08
5.370000000000000000e+02 1.804381039890359369e-08
5.380000000000000000e+02 1.799488693096961104e-08
5.390000000000000000e+02 1.794617956988712015e-08
5.400000000000000000e+02 1.789747333573634822e-08
5.410000000000000000e+02 1.784919815766167375e-08
5.420000000000000000e+02 1.780113905442600246e-08
5.430000000000000000e+02 1.775308105074082006e-08
5.440000000000000000e+02 1.770545406717931250e-08
5.450000000000000000e+02 1.765782816527376329e-08
5.460000000000000000e+02 1.761041829950323456e-08
5.470000000000000000e+02 1.756343941863771025e-08
5.480000000000000000e+02 1.751646159311230300e-08
5.490000000000000000e+02 1.746948481715225321e-08
5.500000000000000000e+02 1.742293899444314324e-08
5.510000000000000000e+02 1.737660915749822120e-08
5.520000000000000000e+02 1.733049529646208009e-08
5.530000000000000000e+02 1.728438245107812879e-08
5.540000000000000000e+02 1.723848556490960662e-08
5.550000000000000000e+02 1.719280462829817078e-08
5.560000000000000000e+02 1.714733963165503110e-08
5.570000000000000000e+02 1.710209056546036113e-08
5.580000000000000000e+02 1.705705742026267608e-08
5.590000000000000000e+02 1.701224018667820416e-08
5.600000000000000000e+02 1.696742391462623749e-08
5.610000000000000000e+02 1.692282353835494594e-08
5.620000000000000000e+02 1.687843904866550537e-08
5.630000000000000000e+02 1.683427043642453818e-08
5.640000000000000000e+02 1.679031769256351774e-08
5.650000000000000000e+02 1.674636587410133472e-08
5.660000000000000000e+02 1.670284484139425618e-08
5.670000000000000000e+02 1.665932471894470888e-08
5.680000000000000000e+02 1.661602043190064838e-08
5.690000000000000000e+02 1.657293197149531017e-08
5.700000000000000000e+02 1.652984440171460957e-08
5.710000000000000000e+02 1.648718756985183184e-08
5.720000000000000000e+02 1.644453161401588289e-08
5.730000000000000000e+02 1.640209145297831716e-08
5.740000000000000000e+02 1.635986707826134070e-08
5.750000000000000000e+02 1.631764356068912794e-08
5.760000000000000000e+02 1.627585073471234325e-08
5.770000000000000000e+02 1.623405875180235345e-08
5.780000000000000000e+02 1.619248252445815936e-08
5.790000000000000000e+02 1.615090712888162849e-08
5.800000000000000000e+02 1.610976238940165942e-08
5.810000000000000000e+02 1.606861846800572161e-08
5.820000000000000000e+02 1.602769027224533613e-08
5.830000000000000000e+02 1.598697779413010372e-08
5.840000000000000000e+02 1.594626611647757985e-08
5.850000000000000000e+02 1.590577014316739779e-08
5.860000000000000000e+02 1.586548986635926175e-08
5.870000000000000000e+02 1.582542527826638792e-08
5.880000000000000000e+02 1.578557637115501478e-08
5.890000000000000000e+02 1.574572823433950669e-08
5.900000000000000000e+02 1.570609576566683561e-08
5.910000000000000000e+02 1.566646405700999105e-08
5.920000000000000000e+02 1.562726290313209722e-08
5.930000000000000000e+02 1.558806249669039620e-08
5.940000000000000000e+02 1.554907773077250093e-08
5.950000000000000000e+02 1.551009370232678595e-08
5.960000000000000000e+02 1.547132530207777794e-08
5.970000000000000000e+02 1.543277252271295213e-08
5.980000000000000000e+02 1.539443535696876278e-08
5.990000000000000000e+02 1.535609890679749441e-08
6.000000000000000000e+02 1.531819294789260491e-08
6.010000000000000000e+02 1.528007280420940490e-08
6.020000000000000000e+02 1.524238313757799777e-08
6.030000000000000000e+02 1.520469416524677216e-08
6.040000000000000000e+02 1.516722076866111800e-08
6.050000000000000000e+02 1.512974805714266860e-08
6.060000000000000000e+02 1.509270579239946127e-08
6.070000000000000000e+02 1.505544931990068913e-08
6.080000000000000000e+02 1.501862328047176232e-08
6.090000000000000000e+02 1.498179790571452252e-08
6.100000000000000000e+02 1.494518807026138251e-08
6.110000000000000000e+02 1.490879376740457918e-08
6.120000000000000000e+02 1.487240011487537515e-08
6.130000000000000000e+02 1.483622198394746595e-08
6.140000000000000000e+02 1.480004449471309279e-08
6.150000000000000000e+02 1.476408251622049454e-08
6.160000000000000000e+02 1.472833604195569337e-08
6.170000000000000000e+02 1.469280506544697376e-08
6.180000000000000000e+02 1.465727471147162863e-08
6.190000000000000000e+02 1.462174497700887382e-08
6.200000000000000000e+02 1.458664559216074949e-08
6.210000000000000000e+02 1.455154681638112387e-08
6.220000000000000000e+02 1.451644864672883221e-08
6.230000000000000000e+02 1.448178080671503883e-08
6.240000000000000000e+02 1.444711356258476147e-08
6.250000000000000000e+02 1.441244691147433228e-08
6.260000000000000000e+02 1.437799571045218149e-08
6.270000000000000000e+02 1.434375995340929571e-08
6.280000000000000000e+02 1.430952477654624117e-08
6.290000000000000000e+02 1.427550503373495915e-08
6.300000000000000000e+02 1.424170071897201928e-08
6.310000000000000000e+02 1.420789697181331687e-08
6.320000000000000000e+02 1.417409378956133985e-08
6.330000000000000000e+02 1.414072087419328778e-08
6.340000000000000000e+02 1.410734851410848727e-08
6.350000000000000000e+02 1.407397670668045622e-08
6.360000000000000000e+02 1.404082029842854916e-08
6.370000000000000000e+02 1.400787928357983453e-08
6.380000000000000000e+02 1.397493880938457721e-08
6.390000000000000000e+02 1.394221371926137735e-08
6.400000000000000000e+02 1.390948916262529434e-08
6.410000000000000000e+02 1.387697998083996852e-08
6.420000000000000000e+02 1.384468616829128700e-08
6.430000000000000000e+02 1.381239287762009355e-08
6.440000000000000000e+02 1.378031494713559790e-08
6.450000000000000000e+02 1.374823753160857930e-08
6.460000000000000000e+02 1.371637546732392640e-08
6.470000000000000000e+02 1.368451391116866907e-08
6.480000000000000000e+02 1.365286769741544845e-08
6.490000000000000000e+02 1.362143682066093050e-08
6.500000000000000000e+02 1.359000644094591015e-08
6.510000000000000000e+02 1.355857655597724585e-08
6.520000000000000000e+02 1.352757682860193146e-08
6.530000000000000000e+02 1.349636275584059447e-08
6.540000000000000000e+02 1.346557883012440187e-08
6.550000000000000000e+02 1.343479538411751697e-08
6.560000000000000000e+02 1.340401241562364292e-08
6.570000000000000000e+02 1.337344475001159082e-08
6.580000000000000000e+02 1.334287755557379173e-08
6.590000000000000000e+02 1.331252565573137399e-08
6.600000000000000000e+02 1.328238904538871312e-08
6.610000000000000000e+02 1.325225289588371240e-08
6.620000000000000000e+02 1.322211720512562485e-08
6.630000000000000000e+02 1.319219679267437746e-08
6.640000000000000000e+02 1.316249165353874423e-08
6.650000000000000000e+02 1.313278696306699525e-08
6.660000000000000000e+02 1.310329753795706885e-08
6.670000000000000000e+02 1.307380855554372591e-08
6.680000000000000000e+02 1.304432001383657962e-08
6.690000000000000000e+02 1.301504672668772787e-08
6.700000000000000000e+02 1.298598868925714994e-08
6.710000000000000000e+02 1.295693108281586477e-08
6.720000000000000000e+02 1.292787390543766650e-08
6.730000000000000000e+02 1.289903196722432365e-08
6.740000000000000000e+02 1.287040526343315978e-08
6.750000000000000000e+02 1.284156416909675251e-08
6.760000000000000000e+02 1.281315311273033062e-08
6.770000000000000000e+02 1.278452766210147119e-08
6.780000000000000000e+02 1.275633224011904741e-08
6.790000000000000000e+02 1.272792242021737113e-08
6.800000000000000000e+02 1.269972781428172374e-08
6.810000000000000000e+02 1.267174841772937081e-08
6.820000000000000000e+02 1.264376942240585767e-08
6.830000000000000000e+02 1.261600562922391260e-08
6.840000000000000000e+02 1.258824223191474172e-08
6.850000000000000000e+02 1.256047922874269345e-08
6.860000000000000000e+02 1.253293141791058456e-08
6.870000000000000000e+02 1.250538399595284362e-08
6.880000000000000000e+02 1.247805175928115515e-08
6.890000000000000000e+02 1.245071990628746122e-08
6.900000000000000000e+02 1.242360323160241067e-08
6.910000000000000000e+02 1.239648693546437481e-08
6.920000000000000000e+02 1.236937101623047038e-08
6.930000000000000000e+02 1.234247026587466876e-08
6.940000000000000000e+02 1.231578468009528832e-08
6.950000000000000000e+02 1.228888467096587914e-08
6.960000000000000000e+02 1.226241461237080273e-08
6.970000000000000000e+02 1.223594491730734330e-08
6.980000000000000000e+02 1.220947558421136351e-08
6.990000000000000000e+02 1.218300661152769101e-08
7.000000000000000000e+02 1.215696757253593329e-08
7.010000000000000000e+02 1.213071410083539890e-08
7.020000000000000000e+02 1.210467576886096526e-08
7.030000000000000000e+02 1.207885257249061269e-08
7.040000000000000000e+02 1.205281493976849071e-08
7.050000000000000000e+02 1.202720722099989127e-08
7.060000000000000000e+02 1.200159984512799010e-08
7.070000000000000000e+02 1.197599281069623133e-08
7.080000000000000000e+02 1.195038611625630277e-08
7.090000000000000000e+02 1.192499453999669143e-08
7.100000000000000000e+02 1.189981807792719384e-08
7.110000000000000000e+02 1.187464194815452495e-08
7.120000000000000000e+02 1.184946614927708679e-08
7.130000000000000000e+02 1.182450545613321041e-08
7.140000000000000000e+02 1.179954508941854714e-08
7.150000000000000000e+02 1.177458504776203188e-08
7.160000000000000000e+02 1.174984010350984114e-08
7.170000000000000000e+02 1.172509547992433954e-08
7.180000000000000000e+02 1.170056594770394990e-08
7.190000000000000000e+02 1.167603673181229756e-08
7.200000000000000000e+02 1.165150783092998311e-08
7.210000000000000000e+02 1.162719401329705188e-08
7.220000000000000000e+02 1.160288050640742675e-08
7.230000000000000000e+02 1.157878207687565214e-08
7.240000000000000000e+02 1.155468395387283406e-08
7.250000000000000000e+02 1.153058613612927177e-08
7.260000000000000000e+02 1.150670338783427074e-08
7.270000000000000000e+02 1.148282094065357143e-08
7.280000000000000000e+02 1.145893879334503808e-08
7.290000000000000000e+02 1.143527170769232482e-08
7.300000000000000000e+02 1.141160491783480446e-08
7.310000000000000000e+02 1.138793842255729076e-08
7.320000000000000000e+02 1.136448698125713596e-08
7.330000000000000000e+02 1.134103583052659785e-08
7.340000000000000000e+02 1.131779972818497153e-08
7.350000000000000000e+02 1.129456391245056162e-08
7.360000000000000000e+02 1.127132838215393656e-08
7.370000000000000000e+02 1.124830789275979869e-08
7.380000000000000000e+02 1.122528768490532230e-08
7.390000000000000000e+02 1.120226775744642560e-08
7.400000000000000000e+02 1.117946286351196042e-08
7.410000000000000000e+02 1.115665824613792482e-08
7.420000000000000000e+02 1.113385390420502431e-08
7.430000000000000000e+02 1.111126458852477748e-08
7.440000000000000000e+02 1.108867554451222991e-08
7.450000000000000000e+02 1.106630152144629333e-08
7.460000000000000000e+02 1.104371301671754252e-08
7.470000000000000000e+02 1.102155427805391688e-08
7.480000000000000000e+02 1.099918105557896305e-08
7.490000000000000000e+02 1.097702284512595848e-08
7.500000000000000000e+02 1.095486489680960849e-08
7.510000000000000000e+02 1.093292195535287281e-08
7.520000000000000000e+02 1.091097927242200608e-08
7.530000000000000000e+02 1.088925159123919768e-08
7.540000000000000000e+02 1.086730942151656088e-08
7.550000000000000000e+02 1.084558224998845089e-08
7.560000000000000000e+02 1.082407007338430311e-08
7.570000000000000000e+02 1.080255814720948449e-08
7.580000000000000000e+02 1.078104647047186466e-08
7.590000000000000000e+02 1.075953504218455430e-08
7.600000000000000000e+02 1.073823860036919211e-08
7.610000000000000000e+02 1.071694240356174289e-08
7.620000000000000000e+02 1.069564645079665690e-08
7.630000000000000000e+02 1.067435074111345670e-08
7.640000000000000000e+02 1.065327000960333154e-08
7.650000000000000000e+02 1.063218951780052448e-08
7.660000000000000000e+02 1.061110926476531532e-08
7.670000000000000000e+02 1.059024398341226847e-08
7.680000000000000000e+02 1.056937893750486220e-08
7.690000000000000000e+02 1.054851412612368689e-08
7.700000000000000000e+02 1.052764954835411737e-08
7.710000000000000000e+02 1.050699993423258777e-08
7.720000000000000000e+02 1.048613582024024999e-08
7.730000000000000000e+02 1.046548666665194498e-08
7.740000000000000000e+02 1.044483774163111657e-08
7.750000000000000000e+02 1.042418904429213890e-08
7.760000000000000000e+02 1.040375530111356855e-08
7.770000000000000000e+02 1.038310705578784192e-08
7.780000000000000000e+02 1.036267376145406518e-08
7.790000000000000000e+02 1.034224068989055410e-08
7.800000000000000000e+02 1.032180784023967790e-08
7.810000000000000000e+02 1.030158993546710105e-08
7.820000000000000000e+02 1.028115752638345350e-08
7.830000000000000000e+02 1.026115478149817636e-08
7.840000000000000000e+02 1.024093753062783666e-08
7.850000000000000000e+02 1.022093521707686601e-08
7.860000000000000000e+02 1.020093311760895140e-08
7.870000000000000000e+02 1.018093123140724703e-08
7.880000000000000000e+02 1.016114427659648841e-08
7.890000000000000000e+02 1.014135753205011977e-08
7.900000000000000000e+02 1.012178571452755217e-08
7.910000000000000000e+02 1.010221410430139592e-08
7.920000000000000000e+02 1.008285741677250725e-08
7.930000000000000000e+02 1.006371564910895063e-08
7.940000000000000000e+02 1.004435936884925583e-08
7.950000000000000000e+02 1.002543271969530875e-08
7.960000000000000000e+02 1.000650626988525365e-08
7.970000000000000000e+02 9.987580018668035359e-09
7.980000000000000000e+02 9.969083389521624985e-09
7.990000000000000000e+02 9.950586954784909720e-09
8.000000000000000000e+02 9.932090713728167370e-09
8.010000000000000000e+02 9.914024085822226581e-09
8.020000000000000000e+02 9.895957647475570805e-09
8.030000000000000000e+02 9.877891397979349271e-09
8.040000000000000000e+02 9.860254752826859560e-09
8.050000000000000000e+02 9.842618292465405309e-09
8.060000000000000000e+02 9.824982016206542291e-09
8.070000000000000000e+02 9.807560629480289977e-09
8.080000000000000000e+02 9.790354129630579692e-09
8.090000000000000000e+02 9.773147809214095565e-09
8.100000000000000000e+02 9.755941667565660308e-09
8.110000000000000000e+02 9.738950407515602038e-09
8.120000000000000000e+02 9.721959323609724448e-09
8.130000000000000000e+02 9.705183117387958864e-09
8.140000000000000000e+02 9.688192383173456163e-09
8.150000000000000000e+02 9.671416524057747205e-09
8.160000000000000000e+02 9.654640837214059095e-09
8.170000000000000000e+02 9.638080021615421244e-09
8.180000000000000000e+02 9.621304676777265063e-09
8.190000000000000000e+02 9.604529502322501029e-09
8.200000000000000000e+02 9.587969195311725249e-09
8.210000000000000000e+02 9.571194359117580158e-09
8.220000000000000000e+02 9.554419691445717159e-09
8.230000000000000000e+02 9.537859887458149365e-09
8.240000000000000000e+02 9.521085554356473748e-09
8.250000000000000000e+02 9.504311387942985884e-09
8.260000000000000000e+02 9.487322693728648608e-09
8.270000000000000000e+02 9.470548859504819932e-09
8.280000000000000000e+02 9.453560497530383139e-09
8.290000000000000000e+02 9.436572301086678466e-09
8.300000000000000000e+02 9.419584269574866855e-09
8.310000000000000000e+02 9.402381711641787583e-09
8.320000000000000000e+02 9.385394008829412738e-09
8.330000000000000000e+02 9.368191779650784361e-09
8.340000000000000000e+02 9.350989714271238432e-09
8.350000000000000000e+02 9.334002500385213252e-09
8.360000000000000000e+02 9.316800760224834306e-09
8.370000000000000000e+02 9.299599182106369613e-09
8.380000000000000000e+02 9.282397765449197940e-09
8.390000000000000000e+02 9.265196509675469108e-09
8.400000000000000000e+02 9.248210099434549556e-09
8.410000000000000000e+02 9.231009163097717294e-09
8.420000000000000000e+02 9.213808385928682491e-09
8.430000000000000000e+02 9.196822450766998308e-09
8.440000000000000000e+02 9.179836672435692733e-09
8.450000000000000000e+02 9.162851050377477645e-09
8.460000000000000000e+02 9.145865584037700318e-09
8.470000000000000000e+02 9.128880272864336808e-09
8.480000000000000000e+02 9.112109796713111209e-09
8.490000000000000000e+02 9.095124793630866241e-09
8.500000000000000000e+02 9.078569302504949183e-09
8.510000000000000000e+02 9.061799283370462770e-09
8.520000000000000000e+02 9.045244093531023418e-09
8.530000000000000000e+02 9.028689053243823804e-09
8.540000000000000000e+02 9.012134161983041755e-09
8.550000000000000000e+02 8.995794095487622718e-09
8.560000000000000000e+02 8.979454175801754045e-09
8.570000000000000000e+02 8.963329077502139481e-09
8.580000000000000000e+02 8.946989449311103892e-09
8.590000000000000000e+02 8.930864640320357023e-09
8.600000000000000000e+02 8.914954648280134699e-09
8.610000000000000000e+02 8.898830125421231809e-09
8.620000000000000000e+02 8.882920417357260491e-09
8.630000000000000000e+02 8.867010850251628582e-09
8.640000000000000000e+02 8.851101423614469795e-09
8.650000000000000000e+02 8.835406807418549480e-09
8.660000000000000000e+02 8.819712329572528957e-09
8.670000000000000000e+02 8.804017989597277092e-09
8.680000000000000000e+02 8.788323787015868013e-09
8.690000000000000000e+02 8.772629721353577803e-09
8.700000000000000000e+02 8.757150459747307159e-09
8.710000000000000000e+02 8.741671332984744338e-09
8.720000000000000000e+02 8.726192340601573010e-09
8.730000000000000000e+02 8.710713482135615933e-09
8.740000000000000000e+02 8.695449422479028962e-09
8.750000000000000000e+02 8.679970829908327644e-09
8.760000000000000000e+02 8.664707034113582999e-09
8.770000000000000000e+02 8.649443369292613115e-09
8.780000000000000000e+02 8.634179834997519541e-09
8.790000000000000000e+02 8.618916430782440347e-09
8.800000000000000000e+02 8.603867818208445281e-09
8.810000000000000000e+02 8.588604672270468730e-09
8.820000000000000000e+02 8.573556315987558669e-09
8.830000000000000000e+02 8.558508086920753603e-09
8.840000000000000000e+02 8.543459984637960851e-09
8.850000000000000000e+02 8.528412008709039877e-09
8.860000000000000000e+02 8.513578817408738028e-09
8.870000000000000000e+02 8.498531092358925662e-09
8.880000000000000000e+02 8.483698149997629927e-09
8.890000000000000000e+02 8.468865331203153244e-09
8.900000000000000000e+02 8.454032635558632980e-09
8.910000000000000000e+02 8.439200062649069314e-09
8.920000000000000000e+02 8.424367612061331852e-09
8.930000000000000000e+02 8.409749938290928615e-09
8.940000000000000000e+02 8.395132384946734859e-09
8.950000000000000000e+02 8.380514951624743992e-09
8.960000000000000000e+02 8.365897637922760949e-09
8.970000000000000000e+02 8.351280443440387299e-09
8.980000000000000000e+02 8.336663367779001397e-09
8.990000000000000000e+02 8.322261062241806213e-09
9.000000000000000000e+02 8.307858873673089744e-09
9.010000000000000000e+02 8.293456801683062979e-09
9.020000000000000000e+02 8.279054845883670678e-09
9.030000000000000000e+02 8.264653005888579789e-09
9.040000000000000000e+02 8.250465930373452413e-09
9.050000000000000000e+02 8.236278968846182492e-09
9.060000000000000000e+02 8.222092120929014839e-09
9.070000000000000000e+02 8.207905386245861862e-09
9.080000000000000000e+02 8.193718764422288675e-09
9.090000000000000000e+02 8.179532255085523027e-09
9.100000000000000000e+02 8.165560503795328642e-09
9.110000000000000000e+02 8.151588863216183544e-09
9.120000000000000000e+02 8.137617332983605485e-09
9.130000000000000000e+02 8.123645912734711986e-09
9.140000000000000000e+02 8.109674602108212061e-09
9.150000000000000000e+02 8.095918044098868381e-09
9.160000000000000000e+02 8.081946951127678427e-09
9.170000000000000000e+02 8.068190609037344635e-09
9.180000000000000000e+02 8.054434374121710811e-09
9.190000000000000000e+02 8.040678246030626438e-09
9.200000000000000000e+02 8.027136865221532251e-09
9.210000000000000000e+02 8.013380949228834594e-09
9.220000000000000000e+02 7.999839778814892760e-09
9.230000000000000000e+02 7.986084073542551858e-09
9.240000000000000000e+02 7.972543112156103605e-09
9.250000000000000000e+02 7.959002254523237222e-09
9.260000000000000000e+02 7.945676138091870493e-09
9.270000000000000000e+02 7.932135486458578243e-09
9.280000000000000000e+02 7.918809574360848858e-09
9.290000000000000000e+02 7.905483763685504543e-09
9.300000000000000000e+02 7.891943418313594087e-09
9.310000000000000000e+02 7.878617809997655148e-09
9.320000000000000000e+02 7.865506936926488095e-09
9.330000000000000000e+02 7.852181528680399659e-09
9.340000000000000000e+02 7.839070854049327199e-09
9.350000000000000000e+02 7.825745644589933614e-09
9.360000000000000000e+02 7.812635167125511193e-09
9.370000000000000000e+02 7.799524787525684003e-09
9.380000000000000000e+02 7.786414505477195436e-09
9.390000000000000000e+02 7.773304320668133882e-09
9.400000000000000000e+02 7.760408863671664460e-09
9.410000000000000000e+02 7.747298871925985467e-09
9.420000000000000000e+02 7.734403606407673137e-09
9.430000000000000000e+02 7.721508435929413832e-09
9.440000000000000000e+02 7.708613360188937558e-09
9.450000000000000000e+02 7.695718378885248181e-09
9.460000000000000000e+02 7.683038119707557194e-09
9.470000000000000000e+02 7.670143325900652419e-09
9.480000000000000000e+02 7.657463252668320818e-09
9.490000000000000000e+02 7.644783271728719003e-09
9.500000000000000000e+02 7.631888756710784181e-09
9.510000000000000000e+02 7.619423585562208900e-09
9.520000000000000000e+02 7.606743879755615747e-09
9.530000000000000000e+02 7.594064265082369415e-09
9.540000000000000000e+02 7.581599365441523289e-09
9.550000000000000000e+02 7.568919931704850940e-09
9.560000000000000000e+02 7.556455211490732642e-09
9.570000000000000000e+02 7.543990580333036378e-09
9.580000000000000000e+02 7.531526037952664792e-09
9.590000000000000000e+02 7.519061584071681890e-09
9.600000000000000000e+02 7.506811839788494445e-09
9.610000000000000000e+02 7.494347561612078816e-09
9.620000000000000000e+02 7.482097991555230641e-09
9.630000000000000000e+02 7.469848507972323467e-09
9.640000000000000000e+02 7.457599110594040521e-09
9.650000000000000000e+02 7.445349799152181725e-09
9.660000000000000000e+02 7.433100573379650459e-09
9.670000000000000000e+02 7.421066051150648225e-09
9.680000000000000000e+02 7.408816995461603194e-09
9.690000000000000000e+02 7.396782641872664471e-09
9.700000000000000000e+02 7.384748371983775295e-09
9.710000000000000000e+02 7.372499569223576715e-09
9.720000000000000000e+02 7.360680082272026714e-09
9.730000000000000000e+02 7.348646061934756921e-09
9.740000000000000000e+02 7.336612124268717554e-09
9.750000000000000000e+02 7.324792883519293581e-09
9.760000000000000000e+02 7.312759109982221253e-09
9.770000000000000000e+02 7.300940031955943571e-09
9.780000000000000000e+02 7.289121034691816400e-09
9.790000000000000000e+02 7.277302117942166148e-09
9.800000000000000000e+02 7.265483281460330865e-09
9.810000000000000000e+02 7.253664525000656934e-09
9.820000000000000000e+02 7.242060459681940465e-09
9.830000000000000000e+02 7.230241862089200207e-09
9.840000000000000000e+02 7.218637954264057712e-09
9.850000000000000000e+02 7.207034124604085045e-09
9.860000000000000000e+02 7.195430372871275875e-09
9.870000000000000000e+02 7.183826698828590842e-09
9.880000000000000000e+02 7.172223102239950120e-09
9.890000000000000000e+02 7.160834191141609981e-09
9.900000000000000000e+02 7.149230748318479916e-09
9.910000000000000000e+02 7.137841989643714499e-09
9.920000000000000000e+02 7.126238699656715487e-09
9.930000000000000000e+02 7.114850092483425205e-09
9.940000000000000000e+02 7.103461560500093251e-09
9.950000000000000000e+02 7.092287709135532210e-09
9.960000000000000000e+02 7.080899326419520941e-09
9.970000000000000000e+02 7.069511018216446312e-09
9.980000000000000000e+02 7.058337388661796722e-09
9.990000000000000000e+02 7.046949228382740340e-09
1.000000000000000000e+03 7.035775745447646826e-09
1.001000000000000000e+03 7.024602335277969991e-09
1.002000000000000000e+03 7.013428997655687361e-09
1.003000000000000000e+03 7.002255732363645001e-09
1.004000000000000000e+03 6.991082539185558340e-09
1.005000000000000000e+03 6.980124019271650724e-09
1.006000000000000000e+03 6.968950969251740679e-09
1.007000000000000000e+03 6.957992591220796614e-09
1.008000000000000000e+03 6.947034283602818025e-09
1.009000000000000000e+03 6.936076046188295780e-09
1.010000000000000000e+03 6.925117878768551235e-09
1.011000000000000000e+03 6.914159781135731273e-09
1.012000000000000000e+03 6.903201753082801687e-09
1.013000000000000000e+03 6.892458392398208832e-09
1.014000000000000000e+03 6.881500502469604403e-09
1.015000000000000000e+03 6.870757278665731867e-09
1.016000000000000000e+03 6.860014122790611176e-09
1.017000000000000000e+03 6.849056438314656504e-09
1.018000000000000000e+03 6.838313418110600438e-09
1.019000000000000000e+03 6.827785060736435560e-09
1.020000000000000000e+03 6.817042174578920127e-09
1.021000000000000000e+03 6.806299355355367627e-09
1.022000000000000000e+03 6.795771197134566912e-09
1.023000000000000000e+03 6.785028510779531565e-09
1.024000000000000000e+03 6.774500484217295353e-09
1.025000000000000000e+03 6.763972522990518702e-09
1.026000000000000000e+03 6.753444626908021974e-09
1.027000000000000000e+03 6.742916795779371650e-09
1.028000000000000000e+03 6.732389029414875361e-09
1.029000000000000000e+03 6.721861327625578588e-09
1.030000000000000000e+03 6.711548281228543783e-09
1.031000000000000000e+03 6.701020707621761177e-09
1.032000000000000000e+03 6.690707788226642874e-09
1.033000000000000000e+03 6.680394931854213609e-09
1.034000000000000000e+03 6.670082138321486970e-09
1.035000000000000000e+03 6.659769407446188744e-09
1.036000000000000000e+03 6.649456739046746997e-09
1.037000000000000000e+03 6.639144132942290416e-09
1.038000000000000000e+03 6.628831588952646656e-09
1.039000000000000000e+03 6.618733694296025430e-09
1.040000000000000000e+03 6.608421273601272541e-09
1.041000000000000000e+03 6.598323501090204503e-09
1.042000000000000000e+03 6.588225789189998448e-09
1.043000000000000000e+03 6.578128137726195367e-09
1.044000000000000000e+03 6.568030546525001304e-09
1.045000000000000000e+03 6.557933015413288185e-09
1.046000000000000000e+03 6.547835544218595470e-09
1.047000000000000000e+03 6.537738132769116090e-09
1.048000000000000000e+03 6.527855364745798058e-09
1.049000000000000000e+03 6.517758071883756116e-09
1.050000000000000000e+03 6.507875421328631497e-09
1.051000000000000000e+03 6.497992829061353706e-09
1.052000000000000000e+03 6.488110294915580030e-09
1.053000000000000000e+03 6.478227818725607168e-09
1.054000000000000000e+03 6.468345400326359648e-09
1.055000000000000000e+03 6.458463039553384038e-09
1.056000000000000000e+03 6.448795316994091973e-09
1.057000000000000000e+03 6.438913070598497304e-09
1.058000000000000000e+03 6.429245461323632437e-09
1.059000000000000000e+03 6.419363328657957974e-09
1.060000000000000000e+03 6.409695832025413911e-09
1.061000000000000000e+03 6.400028391284051012e-09
1.062000000000000000e+03 6.390361006275873647e-09
1.063000000000000000e+03 6.380693676843477616e-09
1.064000000000000000e+03 6.371026402830055944e-09
1.065000000000000000e+03 6.361359184079388129e-09
1.066000000000000000e+03 6.351906597376500311e-09
1.067000000000000000e+03 6.342239488307899707e-09
1.068000000000000000e+03 6.332787010224721941e-09
1.069000000000000000e+03 6.323334586034530777e-09
1.070000000000000000e+03 6.313667640149736656e-09
1.071000000000000000e+03 6.304215323666776893e-09
1.072000000000000000e+03 6.294763060624176292e-09
1.073000000000000000e+03 6.285525425187958282e-09
1.074000000000000000e+03 6.276073268205856944e-09
1.075000000000000000e+03 6.266621164217921965e-09
1.076000000000000000e+03 6.257383686277253236e-09
1.077000000000000000e+03 6.247931687464485282e-09
1.078000000000000000e+03 6.238694313665992986e-09
1.079000000000000000e+03 6.229456991536666809e-09
1.080000000000000000e+03 6.220005149208397681e-09
1.081000000000000000e+03 6.210767930354463571e-09
1.082000000000000000e+03 6.201530762739729579e-09
1.083000000000000000e+03 6.192508216846446378e-09
1.084000000000000000e+03 6.183271150919158387e-09
1.085000000000000000e+03 6.174034135807209933e-09
1.086000000000000000e+03 6.165011740900304092e-09
1.087000000000000000e+03 6.155774826634781467e-09
1.088000000000000000e+03 6.146752531569525164e-09
1.089000000000000000e+03 6.137730286037432128e-09
1.090000000000000000e+03 6.128493521821352617e-09
1.091000000000000000e+03 6.119471375307523612e-09
1.092000000000000000e+03 6.110449277918426692e-09
1.093000000000000000e+03 6.101641796519751505e-09
1.094000000000000000e+03 6.092619796617114125e-09
1.095000000000000000e+03 6.083597845436564604e-09
1.096000000000000000e+03 6.074790508771065070e-09
1.097000000000000000e+03 6.065768654278051793e-09
1.098000000000000000e+03 6.056961413322422230e-09
1.099000000000000000e+03 6.047939654989610939e-09
1.100000000000000000e+03 6.039132509221031013e-09
1.101000000000000000e+03 6.030325410674023391e-09
1.102000000000000000e+03 6.021518359219948251e-09
1.103000000000000000e+03 6.012711354730632304e-09
1.104000000000000000e+03 6.003904397078366307e-09
1.105000000000000000e+03 5.995312048874754244e-09
1.106000000000000000e+03 5.986505184164344710e-09
1.107000000000000000e+03 5.977912927948803541e-09
1.108000000000000000e+03 5.969106155677473549e-09
1.109000000000000000e+03 5.960513990951580632e-09
1.110000000000000000e+03 5.951921871610505468e-09
1.111000000000000000e+03 5.943115236889102281e-09
1.112000000000000000e+03 5.934523208297388426e-09
1.113000000000000000e+03 5.925931224723288652e-09
1.114000000000000000e+03 5.917553845648304219e-09
1.115000000000000000e+03 5.908961951400603342e-09
1.116000000000000000e+03 5.900370101808499297e-09
1.117000000000000000e+03 5.891992855320684729e-09
1.118000000000000000e+03 5.883401094336686543e-09
1.119000000000000000e+03 5.875023935532529881e-09
1.120000000000000000e+03 5.866432262682462058e-09
1.121000000000000000e+03 5.858055191091931152e-09
1.122000000000000000e+03 5.849678162762491334e-09
1.123000000000000000e+03 5.841301177578496136e-09
1.124000000000000000e+03 5.832924235424711027e-09
1.125000000000000000e+03 5.824547336186312584e-09
1.126000000000000000e+03 5.816170479748887668e-09
1.127000000000000000e+03 5.808008221159900383e-09
1.128000000000000000e+03 5.799631449645396570e-09
1.129000000000000000e+03 5.791254720591648552e-09
1.130000000000000000e+03 5.783092588036924518e-09
1.131000000000000000e+03 5.774930497046531550e-09
1.132000000000000000e+03 5.766553894029793849e-09
1.133000000000000000e+03 5.758391886172198914e-09
1.134000000000000000e+03 5.750229919548832905e-09
1.135000000000000000e+03 5.742067994050636194e-09
1.136000000000000000e+03 5.733906109568931309e-09
1.137000000000000000e+03 5.725958817809639036e-09
1.138000000000000000e+03 5.717797014704927184e-09
1.139000000000000000e+03 5.709635252293549202e-09
1.140000000000000000e+03 5.701688081289840630e-09
1.141000000000000000e+03 5.693526399614282345e-09
1.142000000000000000e+03 5.685579308474868533e-09
1.143000000000000000e+03 5.677417707111807032e-09
1.144000000000000000e+03 5.669470695417154380e-09
1.145000000000000000e+03 5.661523723124751417e-09
1.146000000000000000e+03 5.653576790131383374e-09
1.147000000000000000e+03 5.645629896334196959e-09
1.148000000000000000e+03 5.637683041630693740e-09
1.149000000000000000e+03 5.629736225918737591e-09
1.150000000000000000e+03 5.622003996646405749e-09
1.151000000000000000e+03 5.614057258288510108e-09
1.152000000000000000e+03 5.606325105520791286e-09
1.153000000000000000e+03 5.598378444114895090e-09
1.154000000000000000e+03 5.590646367453368648e-09
1.155000000000000000e+03 5.582699782600195951e-09
1.156000000000000000e+03 5.574967781649206512e-09
1.157000000000000000e+03 5.567235818245630044e-09
1.158000000000000000e+03 5.559503892292130549e-09
1.159000000000000000e+03 5.551772003691708693e-09
1.160000000000000000e+03 5.544040152347698496e-09
1.161000000000000000e+03 5.536308338163767330e-09
1.162000000000000000e+03 5.528791104742198980e-09
1.163000000000000000e+03 5.521059364273382964e-09
1.164000000000000000e+03 5.513327660678182579e-09
1.165000000000000000e+03 5.505810536609374221e-09
1.166000000000000000e+03 5.498078906160943114e-09
1.167000000000000000e+03 5.490561854419451768e-09
1.168000000000000000e+03 5.483044838544685492e-09
1.169000000000000000e+03 5.475527858444542685e-09
1.170000000000000000e+03 5.468010914027234424e-09
1.171000000000000000e+03 5.460494005201284460e-09
1.172000000000000000e+03 5.452977131875531699e-09
1.173000000000000000e+03 5.445460293959125240e-09
1.174000000000000000e+03 5.437943491361521893e-09
1.175000000000000000e+03 5.430426723992490315e-09
1.176000000000000000e+03 5.423124531066282443e-09
1.177000000000000000e+03 5.415607833575056127e-09
1.178000000000000000e+03 5.408305709729049575e-09
1.179000000000000000e+03 5.400789081760471081e-09
1.180000000000000000e+03 5.393487026642809686e-09
1.181000000000000000e+03 5.386185005604240102e-09
1.182000000000000000e+03 5.378883018558211941e-09
1.183000000000000000e+03 5.371366528272314468e-09
1.184000000000000000e+03 5.364064609259094165e-09
1.185000000000000000e+03 5.356977260514263603e-09
1.186000000000000000e+03 5.349675408578740445e-09
1.187000000000000000e+03 5.342373590207376760e-09
1.188000000000000000e+03 5.335071805315360892e-09
1.189000000000000000e+03 5.327770053818166563e-09
1.190000000000000000e+03 5.320682870645087181e-09
1.191000000000000000e+03 5.313381185382482850e-09
1.192000000000000000e+03 5.306294067672148754e-09
1.193000000000000000e+03 5.299206982418676249e-09
1.194000000000000000e+03 5.291905395734334593e-09
1.195000000000000000e+03 5.284818375450639162e-09
1.196000000000000000e+03 5.277731387379320512e-09
1.197000000000000000e+03 5.270644431439588737e-09
1.198000000000000000e+03 5.263557507550935177e-09
1.199000000000000000e+03 5.256470615633113386e-09
1.200000000000000000e+03 5.249383755606146579e-09
1.201000000000000000e+03 5.242511459102853778e-09
1.202000000000000000e+03 5.235424662321636842e-09
1.203000000000000000e+03 5.228337897193433167e-09
1.204000000000000000e+03 5.221465694462056029e-09
1.205000000000000000e+03 5.214378992107770132e-09
1.206000000000000000e+03 5.207506851403008510e-09
1.207000000000000000e+03 5.200420211511014984e-09
1.208000000000000000e+03 5.193548132524241173e-09
1.209000000000000000e+03 5.186676084134532459e-09
1.210000000000000000e+03 5.179804066265981785e-09
1.211000000000000000e+03 5.172932078842932732e-09
1.212000000000000000e+03 5.166060121789977860e-09
1.213000000000000000e+03 5.159188195031959540e-09
1.214000000000000000e+03 5.152316298493967466e-09
1.215000000000000000e+03 5.145444432101339491e-09
1.216000000000000000e+03 5.138787123087124266e-09
1.217000000000000000e+03 5.131915316472407249e-09
1.218000000000000000e+03 5.125043539781009275e-09
1.219000000000000000e+03 5.118386319378717348e-09
1.220000000000000000e+03 5.111514602024754174e-09
1.221000000000000000e+03 5.104857440237426747e-09
1.222000000000000000e+03 5.098200307505710036e-09
1.223000000000000000e+03 5.091543203758287011e-09
1.224000000000000000e+03 5.084671603921798190e-09
1.225000000000000000e+03 5.078014558215975287e-09
1.226000000000000000e+03 5.071357541281425556e-09
1.227000000000000000e+03 5.064700553047760062e-09
1.228000000000000000e+03 5.058043593444819827e-09
1.229000000000000000e+03 5.051601185979452997e-09
1.230000000000000000e+03 5.044944283144690666e-09
1.231000000000000000e+03 5.038287408732005556e-09
1.232000000000000000e+03 5.031630562672146106e-09
1.233000000000000000e+03 5.025188267340794285e-09
1.234000000000000000e+03 5.018531477497857244e-09
1.235000000000000000e+03 5.012089237683221098e-09
1.236000000000000000e+03 5.005647025385182298e-09
1.237000000000000000e+03 4.998990319217001276e-09
1.238000000000000000e+03 4.992548162032101693e-09
1.239000000000000000e+03 4.986106032163671379e-09
1.240000000000000000e+03 4.979663929545583035e-09
1.241000000000000000e+03 4.973221854111921946e-09
1.242000000000000000e+03 4.966779805796985156e-09
1.243000000000000000e+03 4.960337784535281466e-09
1.244000000000000000e+03 4.953895790261530612e-09
1.245000000000000000e+03 4.947453822910663255e-09
1.246000000000000000e+03 4.941011882417816030e-09
1.247000000000000000e+03 4.934784487258037032e-09
1.248000000000000000e+03 4.928342600011906814e-09
1.249000000000000000e+03 4.922115257419891668e-09
1.250000000000000000e+03 4.915673423165282485e-09
1.251000000000000000e+03 4.909446132888418504e-09
1.252000000000000000e+03 4.903004351371766411e-09
1.253000000000000000e+03 4.896777113159053909e-09
1.254000000000000000e+03 4.890549900748323211e-09
1.255000000000000000e+03 4.884322714077860026e-09
1.256000000000000000e+03 4.877881037010810176e-09
1.257000000000000000e+03 4.871653901908158670e-09
1.258000000000000000e+03 4.865426792361373784e-09
1.259000000000000000e+03 4.859414223571236546e-09
1.260000000000000000e+03 4.853187164683238168e-09
1.261000000000000000e+03 4.846960131169320237e-09
1.262000000000000000e+03 4.840733122969125863e-09
1.263000000000000000e+03 4.834506140022495029e-09
1.264000000000000000e+03 4.828493696183716715e-09
1.265000000000000000e+03 4.822266763296271497e-09
1.266000000000000000e+03 4.816254368861728771e-09
1.267000000000000000e+03 4.810027485796783017e-09
1.268000000000000000e+03 4.804015140532234045e-09
1.269000000000000000e+03 4.797788307054598800e-09
1.270000000000000000e+03 4.791776010727274132e-09
1.271000000000000000e+03 4.785763738648895531e-09
1.272000000000000000e+03 4.779751490762236162e-09
1.273000000000000000e+03 4.773739267010252822e-09
1.274000000000000000e+03 4.767727067336076844e-09
1.275000000000000000e+03 4.761714891683024851e-09
1.276000000000000000e+03 4.755702739994586343e-09
1.277000000000000000e+03 4.749690612214427839e-09
1.278000000000000000e+03 4.743678508286396184e-09
1.279000000000000000e+03 4.737666428154509448e-09
1.280000000000000000e+03 4.731868881436178786e-09
1.281000000000000000e+03 4.725856848467797101e-09
1.282000000000000000e+03 4.719844839129077830e-09
1.283000000000000000e+03 4.714047362254534627e-09
1.284000000000000000e+03 4.708035399749132240e-09
1.285000000000000000e+03 4.702237969078016984e-09
1.286000000000000000e+03 4.696440561297831471e-09
1.287000000000000000e+03 4.690428668504253939e-09
1.288000000000000000e+03 4.684631306604632890e-09
1.289000000000000000e+03 4.678833967435868073e-09
1.290000000000000000e+03 4.673036650945064595e-09
1.291000000000000000e+03 4.667239357079495484e-09
1.292000000000000000e+03 4.661442085786593410e-09
1.293000000000000000e+03 4.655644837013956483e-09
1.294000000000000000e+03 4.649847610709342457e-09
1.295000000000000000e+03 4.644050406820672039e-09
1.296000000000000000e+03 4.638253225296027240e-09
1.297000000000000000e+03 4.632456066083648058e-09
1.298000000000000000e+03 4.626873434159018983e-09
1.299000000000000000e+03 4.621076319162194745e-09
1.300000000000000000e+03 4.615279226323706912e-09
1.301000000000000000e+03 4.609696659857664886e-09
1.302000000000000000e+03 4.603899610929465956e-09
1.303000000000000000e+03 4.598317087766372838e-09
1.304000000000000000e+03 4.592520082546772187e-09
1.305000000000000000e+03 4.586937602487108704e-09
1.306000000000000000e+03 4.581355143778914915e-09
1.307000000000000000e+03 4.575772706373152245e-09
1.308000000000000000e+03 4.569975787719749704e-09
1.309000000000000000e+03 4.564393393022804368e-09
1.310000000000000000e+03 4.558811019481695548e-09
1.311000000000000000e+03 4.553228667047985202e-09
1.312000000000000000e+03 4.547646335673378389e-09
1.313000000000000000e+03 4.542064025309732372e-09
1.314000000000000000e+03 4.536696236913160952e-09
1.315000000000000000e+03 4.531113968179407509e-09
1.316000000000000000e+03 4.525531720313438995e-09
1.317000000000000000e+03 4.519949493267691699e-09
1.318000000000000000e+03 4.514581787008384939e-09
1.319000000000000000e+03 4.508999601214293609e-09
1.320000000000000000e+03 4.503417436098976440e-09
1.321000000000000000e+03 4.498049790890166578e-09
1.322000000000000000e+03 4.492467666746016701e-09
1.323000000000000000e+03 4.487100061924445831e-09
1.324000000000000000e+03 4.481732477105283386e-09
1.325000000000000000e+03 4.476150413948507427e-09
1.326000000000000000e+03 4.470782869242434812e-09
1.327000000000000000e+03 4.465415344402869811e-09
1.328000000000000000e+03 4.460047839384906443e-09
1.329000000000000000e+03 4.454680354143777692e-09
1.330000000000000000e+03 4.449312888634848067e-09
1.331000000000000000e+03 4.443945442813617731e-09
1.332000000000000000e+03 4.438578016635718371e-09
1.333000000000000000e+03 4.433210610056918159e-09
1.334000000000000000e+03 4.427843223033115958e-09
1.335000000000000000e+03 4.422475855520342985e-09
1.336000000000000000e+03 4.417108507474764457e-09
1.337000000000000000e+03 4.411955674242542027e-09
1.338000000000000000e+03 4.406588364760645608e-09
1.339000000000000000e+03 4.401221074615575832e-09
1.340000000000000000e+03 4.396068298435810121e-09
1.341000000000000000e+03 4.390701046595930994e-09
1.342000000000000000e+03 4.385548308158535625e-09
1.343000000000000000e+03 4.380181094453037659e-09
1.344000000000000000e+03 4.375028393589134611e-09
1.345000000000000000e+03 4.369875711330349127e-09
1.346000000000000000e+03 4.364508554389939545e-09
1.347000000000000000e+03 4.359355909453562324e-09
1.348000000000000000e+03 4.354203282997848381e-09
1.349000000000000000e+03 4.349050674981678568e-09
1.350000000000000000e+03 4.343898085364052023e-09
1.351000000000000000e+03 4.338531022037938838e-09
1.352000000000000000e+03 4.333378469329657991e-09
1.353000000000000000e+03 4.328225934897301640e-09
1.354000000000000000e+03 4.323287910063227064e-09
1.355000000000000000e+03 4.318135411827558954e-09
1.356000000000000000e+03 4.312982931746971697e-09
1.357000000000000000e+03 4.307830469781306502e-09
1.358000000000000000e+03 4.302678025890524517e-09
1.359000000000000000e+03 4.297740090232347462e-09
1.360000000000000000e+03 4.292587682139662678e-09
1.361000000000000000e+03 4.287435292002785975e-09
1.362000000000000000e+03 4.282497409284764520e-09
1.363000000000000000e+03 4.277345054709908499e-09
1.364000000000000000e+03 4.272407207013797663e-09
1.365000000000000000e+03 4.267254887844955233e-09
1.366000000000000000e+03 4.262317075016561933e-09
1.367000000000000000e+03 4.257379279449662814e-09
1.368000000000000000e+03 4.252227012984669509e-09
1.369000000000000000e+03 4.247289252056219102e-09
1.370000000000000000e+03 4.242351508275636384e-09
1.371000000000000000e+03 4.237413781605379763e-09
1.372000000000000000e+03 4.232476072008012698e-09
1.373000000000000000e+03 4.227323892466025994e-09
1.374000000000000000e+03 4.222386217129883504e-09
1.375000000000000000e+03 4.217448558754651821e-09
1.376000000000000000e+03 4.212510917303334467e-09
1.377000000000000000e+03 4.207787778811973467e-09
1.378000000000000000e+03 4.202850170871925656e-09
1.379000000000000000e+03 4.197912579745765572e-09
1.380000000000000000e+03 4.192975005396922731e-09
1.381000000000000000e+03 4.188037447788928396e-09
1.382000000000000000e+03 4.183314391831685189e-09
1.383000000000000000e+03 4.178376867372060547e-09
1.384000000000000000e+03 4.173439359544845994e-09
1.385000000000000000e+03 4.168716352588154384e-09
1.386000000000000000e+03 4.163778877694337691e-09
1.387000000000000000e+03 4.159055903153137060e-09
1.388000000000000000e+03 4.154118461050650783e-09
1.389000000000000000e+03 4.149395518784570236e-09
1.390000000000000000e+03 4.144672592492614557e-09
1.391000000000000000e+03 4.139735199201645118e-09
1.392000000000000000e+03 4.135012304976086212e-09
1.393000000000000000e+03 4.130289426621219030e-09
1.394000000000000000e+03 4.125352081827637974e-09
1.395000000000000000e+03 4.120629235332243371e-09
1.396000000000000000e+03 4.115906404604997392e-09
1.397000000000000000e+03 4.111183589612021201e-09
1.398000000000000000e+03 4.106460790319531916e-09
1.399000000000000000e+03 4.101738006693844260e-09
1.400000000000000000e+03 4.097015238701368082e-09
1.401000000000000000e+03 4.092292486308609186e-09
1.402000000000000000e+03 4.087569749482170153e-09
1.403000000000000000e+03 4.082847028188746212e-09
1.404000000000000000e+03 4.078338802479406710e-09
1.405000000000000000e+03 4.073616111935108478e-09
1.406000000000000000e+03 4.068893436824796100e-09
1.407000000000000000e+03 4.064385256548606515e-09
1.408000000000000000e+03 4.059662611991128232e-09
1.409000000000000000e+03 4.054939982769445331e-09
1.410000000000000000e+03 4.050431847635536698e-09
1.411000000000000000e+03 4.045709248772066356e-09
1.412000000000000000e+03 4.041201143500897367e-09
1.413000000000000000e+03 4.036478574867010517e-09
1.414000000000000000e+03 4.031970499331540292e-09
1.415000000000000000e+03 4.027247960799336613e-09
1.416000000000000000e+03 4.022739914873239783e-09
1.417000000000000000e+03 4.018231883597825164e-09
1.418000000000000000e+03 4.013723866942081756e-09
1.419000000000000000e+03 4.009001388019317160e-09
1.420000000000000000e+03 4.004493400723036858e-09
1.421000000000000000e+03 3.999985427953614793e-09
1.422000000000000000e+03 3.995477469680386552e-09
1.423000000000000000e+03 3.990969525872777885e-09
1.424000000000000000e+03 3.986461596500293951e-09
1.425000000000000000e+03 3.981953681532530901e-09
1.426000000000000000e+03 3.977445780939168429e-09
1.427000000000000000e+03 3.972937894689971429e-09
1.428000000000000000e+03 3.968430022754786686e-09
1.429000000000000000e+03 3.963922165103550321e-09
1.430000000000000000e+03 3.959414321706281172e-09
1.431000000000000000e+03 3.955120966854799438e-09
1.432000000000000000e+03 3.950613151666597749e-09
1.433000000000000000e+03 3.946105350643210578e-09
1.434000000000000000e+03 3.941812037449827449e-09
1.435000000000000000e+03 3.937304264458825268e-09
1.436000000000000000e+03 3.932796505544229368e-09
1.437000000000000000e+03 3.928503233747212491e-09
1.438000000000000000e+03 3.923995502689791492e-09
1.439000000000000000e+03 3.919702258276951099e-09
1.440000000000000000e+03 3.915194554960904679e-09
1.441000000000000000e+03 3.910901337817911174e-09
1.442000000000000000e+03 3.906608134163989318e-09
1.443000000000000000e+03 3.902100472141238310e-09
1.444000000000000000e+03 3.897807295587146294e-09
1.445000000000000000e+03 3.893514132437895780e-09
1.446000000000000000e+03 3.889006511452326867e-09
1.447000000000000000e+03 3.884713375234297833e-09
1.448000000000000000e+03 3.880420252337584084e-09
1.449000000000000000e+03 3.876127142734590875e-09
1.450000000000000000e+03 3.871834046397797908e-09
1.451000000000000000e+03 3.867540963299765119e-09
1.452000000000000000e+03 3.863247893413123585e-09
1.453000000000000000e+03 3.858954836710584617e-09
1.454000000000000000e+03 3.854661793164927354e-09
1.455000000000000000e+03 3.850368762749013656e-09
1.456000000000000000e+03 3.846075745435775691e-09
1.457000000000000000e+03 3.841782741198220901e-09
1.458000000000000000e+03 3.837704218782135236e-09
1.459000000000000000e+03 3.833411240413692094e-09
1.460000000000000000e+03 3.829118275040672446e-09
1.461000000000000000e+03 3.824825322636381520e-09
1.462000000000000000e+03 3.820746851142259802e-09
1.463000000000000000e+03 3.816453924395146924e-09
1.464000000000000000e+03 3.812161010537377417e-09
1.465000000000000000e+03 3.808082576910018288e-09
1.466000000000000000e+03 3.803789688552130991e-09
1.467000000000000000e+03 3.799711279973298835e-09
1.468000000000000000e+03 3.795418417011326243e-09
1.469000000000000000e+03 3.791340033378422538e-09
1.470000000000000000e+03 3.787047195708962113e-09
1.471000000000000000e+03 3.782968836919947514e-09
1.472000000000000000e+03 3.778890490415776004e-09
1.473000000000000000e+03 3.774597690393548570e-09
1.474000000000000000e+03 3.770519368581516574e-09
1.475000000000000000e+03 3.766441058979165073e-09
1.476000000000000000e+03 3.762362761561662106e-09
1.477000000000000000e+03 3.758284476304247675e-09
1.478000000000000000e+03 3.753991738389128701e-09
1.479000000000000000e+03 3.749913477574027869e-09
1.480000000000000000e+03 3.745835228844865447e-09
1.481000000000000000e+03 3.741756992177147792e-09
1.482000000000000000e+03 3.737678767546446606e-09
1.483000000000000000e+03 3.733600554928399765e-09
1.484000000000000000e+03 3.729522354298710493e-09
1.485000000000000000e+03 3.725444165633149015e-09
1.486000000000000000e+03 3.721580452138811983e-09
1.487000000000000000e+03 3.717502287135022002e-09
1.488000000000000000e+03 3.713424134023318588e-09
1.489000000000000000e+03 3.709345992779727566e-09
1.490000000000000000e+03 3.705267863380340933e-09
1.491000000000000000e+03 3.701404208064950746e-09
1.492000000000000000e+03 3.697326102089762308e-09
1.493000000000000000e+03 3.693248007887697802e-09
1.494000000000000000e+03 3.689384387121272342e-09
1.495000000000000000e+03 3.685306316202590525e-09
1.496000000000000000e+03 3.681442718288995696e-09
1.497000000000000000e+03 3.677364670560615173e-09
1.498000000000000000e+03 3.673501095408048402e-09
1.499000000000000000e+03 3.669423070777386984e-09
1.500000000000000000e+03 3.665559518294532494e-09
1.501000000000000000e+03 3.661481516669501404e-09
1.502000000000000000e+03 3.657617986765531869e-09
1.503000000000000000e+03 3.653754468022130071e-09
1.504000000000000000e+03 3.649676500639101947e-09
1.505000000000000000e+03 3.645813004339503615e-09
1.506000000000000000e+03 3.641949519133580166e-09
1.507000000000000000e+03 3.637871585788847719e-09
1.508000000000000000e+03 3.634008122892720754e-09
1.509000000000000000e+03 3.630144671023906866e-09
1.510000000000000000e+03 3.626281230160487010e-09
1.511000000000000000e+03 3.622417800280600457e-09
1.512000000000000000e+03 3.618554381362443138e-09
1.513000000000000000e+03 3.614690973384270545e-09
1.514000000000000000e+03 3.610827576324391519e-09
1.515000000000000000e+03 3.606964190161177769e-09
1.516000000000000000e+03 3.603100814873053530e-09
1.517000000000000000e+03 3.599237450438502593e-09
1.518000000000000000e+03 3.595374096836064584e-09
1.519000000000000000e+03 3.591510754044335378e-09
1.520000000000000000e+03 3.587647422041967511e-09
1.521000000000000000e+03 3.583998557399184329e-09
1.522000000000000000e+03 3.580135246726504422e-09
1.523000000000000000e+03 3.576271946779722491e-09
1.524000000000000000e+03 3.572408657537714822e-09
1.525000000000000000e+03 3.568759834831515074e-09
1.526000000000000000e+03 3.564896566751657378e-09
1.527000000000000000e+03 3.561033309313774393e-09
1.528000000000000000e+03 3.557384517797046230e-09
1.529000000000000000e+03 3.553521281396931310e-09
1.530000000000000000e+03 3.549872510509757165e-09
1.531000000000000000e+03 3.546009295065187729e-09
1.532000000000000000e+03 3.542360544726519619e-09
1.533000000000000000e+03 3.538497350155705289e-09
1.534000000000000000e+03 3.534848620284921229e-09
1.535000000000000000e+03 3.531199900526930527e-09
1.536000000000000000e+03 3.527336737023389218e-09
1.537000000000000000e+03 3.523688037613371983e-09
1.538000000000000000e+03 3.520039348256782181e-09
1.539000000000000000e+03 3.516176215639573096e-09
1.540000000000000000e+03 3.512527546511979651e-09
1.541000000000000000e+03 3.508878887378911762e-09
1.542000000000000000e+03 3.505230238220914969e-09
1.543000000000000000e+03 3.501581599018585268e-09
1.544000000000000000e+03 3.497718517360334542e-09
1.545000000000000000e+03 3.494069898191069408e-09
1.546000000000000000e+03 3.490421288919330495e-09
1.547000000000000000e+03 3.486772689525913566e-09
1.548000000000000000e+03 3.483124099991665666e-09
1.549000000000000000e+03 3.479475520297482233e-09
1.550000000000000000e+03 3.475826950424309988e-09
1.551000000000000000e+03 3.472178390353142802e-09
1.552000000000000000e+03 3.468529840065024591e-09
1.553000000000000000e+03 3.465095750323962234e-09
1.554000000000000000e+03 3.461447219367605840e-09
1.555000000000000000e+03 3.457798698137950464e-09
1.556000000000000000e+03 3.454150186616233995e-09
1.557000000000000000e+03 3.450501684783742713e-09
1.558000000000000000e+03 3.447067642518693415e-09
1.559000000000000000e+03 3.443419159832177117e-09
1.560000000000000000e+03 3.439770686779257695e-09
1.561000000000000000e+03 3.436336672709403625e-09
1.562000000000000000e+03 3.432688218692309336e-09
1.563000000000000000e+03 3.429039774253609612e-09
1.564000000000000000e+03 3.425605788216053264e-09
1.565000000000000000e+03 3.421957362703872131e-09
1.566000000000000000e+03 3.418523395206317276e-09
1.567000000000000000e+03 3.414874988548398439e-09
1.568000000000000000e+03 3.411441039519666185e-09
1.569000000000000000e+03 3.407792651644121032e-09
1.570000000000000000e+03 3.404358721013396446e-09
1.571000000000000000e+03 3.400924799468315762e-09
1.572000000000000000e+03 3.397276439545529539e-09
1.573000000000000000e+03 3.393842536293131616e-09
1.574000000000000000e+03 3.390408642074246604e-09
1.575000000000000000e+03 3.386760309945177708e-09
1.576000000000000000e+03 3.383326433914451674e-09
1.577000000000000000e+03 3.379892566865507090e-09
1.578000000000000000e+03 3.376458708781259779e-09
1.579000000000000000e+03 3.372810413407805065e-09
1.580000000000000000e+03 3.369376573373731840e-09
1.581000000000000000e+03 3.365942742253146791e-09
1.582000000000000000e+03 3.362508920029137799e-09
1.583000000000000000e+03 3.359075106684837822e-09
1.584000000000000000e+03 3.355641302203421181e-09
1.585000000000000000e+03 3.352207506568103966e-09
1.586000000000000000e+03 3.348773719762145697e-09
1.587000000000000000e+03 3.345339941768847665e-09
1.588000000000000000e+03 3.341906172571554175e-09
1.589000000000000000e+03 3.338472412153649236e-09
1.590000000000000000e+03 3.335038660498561525e-09
1.591000000000000000e+03 3.331604917589760666e-09
1.592000000000000000e+03 3.328385627430304381e-09
1.593000000000000000e+03 3.324951901795584082e-09
1.594000000000000000e+03 3.321518184858017760e-09
1.595000000000000000e+03 3.318084476601238820e-09
1.596000000000000000e+03 3.314650777008923265e-09
1.597000000000000000e+03 3.311431529241139131e-09
1.598000000000000000e+03 3.307997846760932247e-09
1.599000000000000000e+03 3.304564172896667988e-09
1.600000000000000000e+03 3.301344950305150673e-09
1.601000000000000000e+03 3.297911293456949904e-09
1.602000000000000000e+03 3.294692087514957459e-09
1.603000000000000000e+03 3.291258447619327449e-09
1.604000000000000000e+03 3.288039258264361417e-09
1.605000000000000000e+03 3.284605635258127487e-09
1.606000000000000000e+03 3.281386462428001669e-09
1.607000000000000000e+03 3.277952856248301403e-09
1.608000000000000000e+03 3.274733699881139381e-09
1.609000000000000000e+03 3.271300110465423448e-09
1.610000000000000000e+03 3.268080970499656927e-09
1.611000000000000000e+03 3.264861838628944993e-09
1.612000000000000000e+03 3.261428274160052108e-09
1.613000000000000000e+03 3.258209158599161818e-09
1.614000000000000000e+03 3.254990051088015642e-09
1.615000000000000000e+03 3.251556511427560143e-09
1.616000000000000000e+03 3.248337420135341697e-09
1.617000000000000000e+03 3.245118336847896037e-09
1.618000000000000000e+03 3.241899261550373615e-09
1.619000000000000000e+03 3.238680194227962936e-09
1.620000000000000000e+03 3.235246695501169947e-09
1.621000000000000000e+03 3.232027644247960690e-09
1.622000000000000000e+03 3.228808600925443991e-09
1.623000000000000000e+03 3.225589565518952695e-09
1.624000000000000000e+03 3.222370538013858943e-09
1.625000000000000000e+03 3.219151518395567958e-09
1.626000000000000000e+03 3.215932506649522188e-09
1.627000000000000000e+03 3.212713502761197998e-09
1.628000000000000000e+03 3.209494506716109800e-09
1.629000000000000000e+03 3.206275518499807575e-09
1.630000000000000000e+03 3.203056538097873980e-09
1.631000000000000000e+03 3.200052003075711197e-09
1.632000000000000000e+03 3.196833038098338975e-09
1.633000000000000000e+03 3.193614080892499421e-09
1.634000000000000000e+03 3.190395131443916637e-09
1.635000000000000000e+03 3.187176189738351952e-09
1.636000000000000000e+03 3.184171692537984566e-09
1.637000000000000000e+03 3.180952766115784005e-09
1.638000000000000000e+03 3.177733847394285048e-09
1.639000000000000000e+03 3.174514936359385922e-09
1.640000000000000000e+03 3.171510469134215867e-09
1.641000000000000000e+03 3.168291573271038779e-09
1.642000000000000000e+03 3.165287120871326754e-09
1.643000000000000000e+03 3.162068240124652435e-09
1.644000000000000000e+03 3.158849366994970698e-09
1.645000000000000000e+03 3.155844936810967498e-09
1.646000000000000000e+03 3.152626078715268993e-09
1.647000000000000000e+03 3.149621663221253145e-09
1.648000000000000000e+03 3.146402820104986137e-09
1.649000000000000000e+03 3.143398419247309188e-09
1.650000000000000000e+03 3.140179591056185813e-09
1.651000000000000000e+03 3.137175204781456978e-09
1.652000000000000000e+03 3.134170825699664515e-09
1.653000000000000000e+03 3.130952019716540229e-09
1.654000000000000000e+03 3.127947655138285713e-09
1.655000000000000000e+03 3.124943297713692621e-09
1.656000000000000000e+03 3.121724513818459558e-09
1.657000000000000000e+03 3.118720170818569138e-09
1.658000000000000000e+03 3.115715834933349329e-09
1.659000000000000000e+03 3.112711506149927960e-09
1.660000000000000000e+03 3.109492751467983609e-09
1.661000000000000000e+03 3.106488437005163404e-09
1.662000000000000000e+03 3.103484129605525540e-09
1.663000000000000000e+03 3.100479829256324404e-09
1.664000000000000000e+03 3.097475535944841681e-09
1.665000000000000000e+03 3.094471249658391314e-09
1.666000000000000000e+03 3.091466970384317441e-09
1.667000000000000000e+03 3.088462698109995631e-09
1.668000000000000000e+03 3.085458432822829165e-09
1.669000000000000000e+03 3.082454174510254822e-09
1.670000000000000000e+03 3.079449923159735854e-09
1.671000000000000000e+03 3.076445678758768185e-09
1.672000000000000000e+03 3.073441441294877931e-09
1.673000000000000000e+03 3.070437210755618920e-09
1.674000000000000000e+03 3.067432987128576824e-09
1.675000000000000000e+03 3.064428770401365027e-09
1.676000000000000000e+03 3.061424560561627519e-09
1.677000000000000000e+03 3.058634787966357284e-09
1.678000000000000000e+03 3.055630591712262282e-09
1.679000000000000000e+03 3.052626402308931706e-09
1.680000000000000000e+03 3.049622219744127834e-09
1.681000000000000000e+03 3.046618044005638584e-09
1.682000000000000000e+03 3.043828304690631577e-09
1.683000000000000000e+03 3.040824142416809254e-09
1.684000000000000000e+03 3.037819986933025961e-09
1.685000000000000000e+03 3.035030267382720074e-09
1.686000000000000000e+03 3.032026125291849512e-09
1.687000000000000000e+03 3.029021989955001295e-09
1.688000000000000000e+03 3.026232290063493007e-09
1.689000000000000000e+03 3.023228168048312869e-09
1.690000000000000000e+03 3.020438481154142171e-09
1.691000000000000000e+03 3.017434372413532515e-09
1.692000000000000000e+03 3.014644698470424443e-09
1.693000000000000000e+03 3.011640602957512252e-09
1.694000000000000000e+03 3.008850941919411458e-09
1.695000000000000000e+03 3.005846859587540851e-09
1.696000000000000000e+03 3.003057211408611602e-09
1.697000000000000000e+03 3.000267569567663456e-09
1.698000000000000000e+03 2.997263506845967118e-09
1.699000000000000000e+03 2.994473877796015532e-09
1.700000000000000000e+03 2.991684255050341162e-09
1.701000000000000000e+03 2.988680211835601013e-09
1.702000000000000000e+03 2.985890601813227982e-09
1.703000000000000000e+03 2.983100998061665681e-09
1.704000000000000000e+03 2.980096974251390321e-09
1.705000000000000000e+03 2.977307383155910181e-09
1.706000000000000000e+03 2.974517798298012924e-09
1.707000000000000000e+03 2.971728219666729309e-09
1.708000000000000000e+03 2.968938647251119458e-09
1.709000000000000000e+03 2.965934655457888381e-09
1.710000000000000000e+03 2.963145095587606997e-09
1.711000000000000000e+03 2.960355541900155758e-09
1.712000000000000000e+03 2.957565994384696530e-09
1.713000000000000000e+03 2.954776453030414339e-09
1.714000000000000000e+03 2.951986917826522338e-09
1.715000000000000000e+03 2.949197388762255183e-09
1.716000000000000000e+03 2.946407865826876070e-09
1.717000000000000000e+03 2.943618349009670116e-09
1.718000000000000000e+03 2.940828838299951387e-09
1.719000000000000000e+03 2.938039333687054631e-09
1.720000000000000000e+03 2.935249835160342304e-09
1.721000000000000000e+03 2.932460342709199198e-09
1.722000000000000000e+03 2.929670856323036575e-09
1.723000000000000000e+03 2.927095799535318324e-09
1.724000000000000000e+03 2.924306325103119099e-09
1.725000000000000000e+03 2.921516856704446814e-09
1.726000000000000000e+03 2.918727394328811163e-09
1.727000000000000000e+03 2.915937937965744176e-09
1.728000000000000000e+03 2.913148487604803111e-09
1.729000000000000000e+03 2.910573465916129245e-09
1.730000000000000000e+03 2.907784027384878032e-09
1.731000000000000000e+03 2.904994594824735123e-09
1.732000000000000000e+03 2.902419590476421318e-09
1.733000000000000000e+03 2.899630169684641918e-09
1.734000000000000000e+03 2.896840754833165787e-09
1.735000000000000000e+03 2.894265767734781351e-09
1.736000000000000000e+03 2.891476364590766316e-09
1.737000000000000000e+03 2.888686967356461690e-09
1.738000000000000000e+03 2.886111997418201278e-09
1.739000000000000000e+03 2.883322611830875954e-09
1.740000000000000000e+03 2.880747653235883903e-09
1.741000000000000000e+03 2.877958279255556108e-09
1.742000000000000000e+03 2.875383331964595932e-09
1.743000000000000000e+03 2.872593969551466697e-09
1.744000000000000000e+03 2.870019033525479341e-09
1.745000000000000000e+03 2.867229682639933333e-09
1.746000000000000000e+03 2.864654757840040482e-09
1.747000000000000000e+03 2.862079838568395842e-09
1.748000000000000000e+03 2.859290504830144286e-09
1.749000000000000000e+03 2.856715596726772158e-09
1.750000000000000000e+03 2.854140694123077010e-09
1.751000000000000000e+03 2.851351377444477225e-09
1.752000000000000000e+03 2.848776485951627988e-09
1.753000000000000000e+03 2.846201599930080954e-09
1.754000000000000000e+03 2.843412300224088311e-09
1.755000000000000000e+03 2.840837425256353498e-09
1.756000000000000000e+03 2.838262555731739672e-09
1.757000000000000000e+03 2.835687691640950564e-09
1.758000000000000000e+03 2.832898414384457352e-09
1.759000000000000000e+03 2.830323561272145405e-09
1.760000000000000000e+03 2.827748713565731730e-09
1.761000000000000000e+03 2.825173871256005672e-09
1.762000000000000000e+03 2.822599034333771876e-09
1.763000000000000000e+03 2.820024202789861047e-09
1.764000000000000000e+03 2.817449376615121258e-09
1.765000000000000000e+03 2.814874555800423744e-09
1.766000000000000000e+03 2.812299740336658350e-09
1.767000000000000000e+03 2.809724930214736430e-09
1.768000000000000000e+03 2.807150125425590017e-09
1.769000000000000000e+03 2.804575325960171823e-09
1.770000000000000000e+03 2.802000531809455238e-09
1.771000000000000000e+03 2.799425742964431853e-09
1.772000000000000000e+03 2.796850959416117659e-09
1.773000000000000000e+03 2.794276181155544364e-09
1.774000000000000000e+03 2.791701408173767664e-09
1.775000000000000000e+03 2.789126640461861453e-09
1.776000000000000000e+03 2.786551878010919890e-09
1.777000000000000000e+03 2.783977120812057402e-09
1.778000000000000000e+03 2.781402368856408681e-09
1.779000000000000000e+03 2.779042037846712732e-09
1.780000000000000000e+03 2.776467296215589963e-09
1.781000000000000000e+03 2.773892559801357179e-09
1.782000000000000000e+03 2.771317828595225999e-09
1.783000000000000000e+03 2.768957517759388615e-09
1.784000000000000000e+03 2.766382796808404854e-09
1.785000000000000000e+03 2.763808081039433835e-09
1.786000000000000000e+03 2.761233370443767412e-09
1.787000000000000000e+03 2.758873079645470055e-09
1.788000000000000000e+03 2.756298379236191664e-09
1.789000000000000000e+03 2.753723683974360204e-09
1.790000000000000000e+03 2.751363408082025403e-09
1.791000000000000000e+03 2.748788722955491164e-09
1.792000000000000000e+03 2.746428456914097013e-09
1.793000000000000000e+03 2.743853781889087452e-09
1.794000000000000000e+03 2.741493525665535146e-09
1.795000000000000000e+03 2.738918860708428679e-09
1.796000000000000000e+03 2.736344200839203040e-09
1.797000000000000000e+03 2.733983959347090589e-09
1.798000000000000000e+03 2.731409309495468018e-09
1.799000000000000000e+03 2.729049077738944227e-09
1.800000000000000000e+03 2.726688850771791633e-09
1.801000000000000000e+03 2.724114215818155529e-09
1.802000000000000000e+03 2.721753998537914497e-09
1.803000000000000000e+03 2.719179373519181185e-09
1.804000000000000000e+03 2.716819165893482897e-09
1.805000000000000000e+03 2.714458963017133914e-09
1.806000000000000000e+03 2.711884352773389033e-09
1.807000000000000000e+03 2.709524159503444605e-09
1.808000000000000000e+03 2.707163970959078377e-09
1.809000000000000000e+03 2.704589375417260374e-09
1.810000000000000000e+03 2.702229196431479390e-09
1.811000000000000000e+03 2.699869022147664323e-09
1.812000000000000000e+03 2.697508852558027268e-09
1.813000000000000000e+03 2.694934276462461565e-09
1.814000000000000000e+03 2.692574116368238383e-09
1.815000000000000000e+03 2.690213960944788965e-09
1.816000000000000000e+03 2.687853810184392820e-09
1.817000000000000000e+03 2.685493664079349310e-09
1.818000000000000000e+03 2.682919112079969681e-09
1.819000000000000000e+03 2.680558975392227725e-09
1.820000000000000000e+03 2.678198843336690169e-09
1.821000000000000000e+03 2.675838715905722962e-09
1.822000000000000000e+03 2.673478593091707771e-09
1.823000000000000000e+03 2.671118474887043219e-09
1.824000000000000000e+03 2.668758361284145302e-09
1.825000000000000000e+03 2.666398252275447384e-09
1.826000000000000000e+03 2.664038147853397307e-09
1.827000000000000000e+03 2.661678048010461110e-09
1.828000000000000000e+03 2.659317952739120134e-09
1.829000000000000000e+03 2.656957862031872679e-09
1.830000000000000000e+03 2.654597775881234413e-09
1.831000000000000000e+03 2.652237694279736311e-09
1.832000000000000000e+03 2.649877617219925474e-09
1.833000000000000000e+03 2.647517544694365963e-09
1.834000000000000000e+03 2.645157476695637140e-09
1.835000000000000000e+03 2.642797413216336152e-09
1.836000000000000000e+03 2.640437354249074623e-09
1.837000000000000000e+03 2.638291707889519353e-09
1.838000000000000000e+03 2.635931657797270107e-09
1.839000000000000000e+03 2.633571612195130935e-09
1.840000000000000000e+03 2.631211571075778806e-09
1.841000000000000000e+03 2.628851534431905992e-09
1.842000000000000000e+03 2.626705909725793039e-09
1.843000000000000000e+03 2.624345881884738253e-09
1.844000000000000000e+03 2.621985858497471627e-09
1.845000000000000000e+03 2.619625839556747470e-09
1.846000000000000000e+03 2.617480232020606953e-09
1.847000000000000000e+03 2.615120221825563737e-09
1.848000000000000000e+03 2.612760216055557537e-09
1.849000000000000000e+03 2.610614621291884320e-09
1.850000000000000000e+03 2.608254624225097812e-09
1.851000000000000000e+03 2.605894631561983484e-09
1.852000000000000000e+03 2.603749049508310129e-09
1.853000000000000000e+03 2.601389065506228042e-09
1.854000000000000000e+03 2.599243491849789518e-09
1.855000000000000000e+03 2.596883516480855826e-09
1.856000000000000000e+03 2.594737951194367166e-09
1.857000000000000000e+03 2.592377984430818380e-09
1.858000000000000000e+03 2.590018022021713775e-09
1.859000000000000000e+03 2.587872469301305889e-09
1.860000000000000000e+03 2.585512515456031530e-09
1.861000000000000000e+03 2.583366971037743045e-09
1.862000000000000000e+03 2.581221430698572087e-09
1.863000000000000000e+03 2.578861489585789458e-09
1.864000000000000000e+03 2.576715957508602683e-09
1.865000000000000000e+03 2.574356024891337589e-09
1.866000000000000000e+03 2.572210501049432780e-09
1.867000000000000000e+03 2.569850576900512339e-09
1.868000000000000000e+03 2.567705061267302669e-09
1.869000000000000000e+03 2.565559549667111338e-09
1.870000000000000000e+03 2.563199638108680531e-09
1.871000000000000000e+03 2.561054134677649242e-09
1.872000000000000000e+03 2.558908635260128477e-09
1.873000000000000000e+03 2.556548736232089738e-09
1.874000000000000000e+03 2.554403244944445795e-09
1.875000000000000000e+03 2.552257757650931120e-09
1.876000000000000000e+03 2.550112274345154918e-09
1.877000000000000000e+03 2.547752391890901083e-09
1.878000000000000000e+03 2.545606916663101495e-09
1.879000000000000000e+03 2.543461445403824559e-09
1.880000000000000000e+03 2.541315978106733245e-09
1.881000000000000000e+03 2.539170514765507065e-09
1.882000000000000000e+03 2.536810652850776498e-09
1.883000000000000000e+03 2.534665197523336890e-09
1.884000000000000000e+03 2.532519746132748844e-09
1.885000000000000000e+03 2.530374298672743570e-09
1.886000000000000000e+03 2.528228855137066756e-09
1.887000000000000000e+03 2.526083415519476911e-09
1.888000000000000000e+03 2.523937979813745778e-09
1.889000000000000000e+03 2.521792548013658750e-09
1.890000000000000000e+03 2.519647120113013212e-09
1.891000000000000000e+03 2.517287294666674488e-09
1.892000000000000000e+03 2.515141874666179518e-09
1.893000000000000000e+03 2.512996458546472288e-09
1.894000000000000000e+03 2.510851046301404366e-09
1.895000000000000000e+03 2.508705637924838484e-09
1.896000000000000000e+03 2.506560233410651851e-09
1.897000000000000000e+03 2.504629233474653585e-09
1.898000000000000000e+03 2.502483836547842333e-09
1.899000000000000000e+03 2.500338443465241308e-09
1.900000000000000000e+03 2.498193054220780245e-09
1.901000000000000000e+03 2.496047668808398393e-09
1.902000000000000000e+03 2.493902287222049474e-09
1.903000000000000000e+03 2.491756909455699620e-09
1.904000000000000000e+03 2.489611535503326955e-09
1.905000000000000000e+03 2.487466165358924081e-09
1.906000000000000000e+03 2.485535198671343417e-09
1.907000000000000000e+03 2.483389836006961114e-09
1.908000000000000000e+03 2.481244477132721619e-09
1.909000000000000000e+03 2.479099122042665922e-09
1.910000000000000000e+03 2.476953770730847422e-09
1.911000000000000000e+03 2.475022822257711054e-09
1.912000000000000000e+03 2.472877478367254853e-09
1.913000000000000000e+03 2.470732138237395809e-09
1.914000000000000000e+03 2.468586801862236538e-09
1.915000000000000000e+03 2.466655867833706048e-09
1.916000000000000000e+03 2.464510538833471156e-09
1.917000000000000000e+03 2.462365213570442407e-09
1.918000000000000000e+03 2.460434290286443789e-09
1.919000000000000000e+03 2.458288972363825309e-09
1.920000000000000000e+03 2.456143658161027290e-09
1.921000000000000000e+03 2.454212745570865127e-09
1.922000000000000000e+03 2.452067438674178745e-09
1.923000000000000000e+03 2.449922135480037158e-09
1.924000000000000000e+03 2.447991233533331187e-09
1.925000000000000000e+03 2.445845937611216847e-09
1.926000000000000000e+03 2.443915042693774261e-09
1.927000000000000000e+03 2.441769754021161799e-09
1.928000000000000000e+03 2.439838866110984558e-09
1.929000000000000000e+03 2.437693584665442491e-09
1.930000000000000000e+03 2.435548306882623916e-09
1.931000000000000000e+03 2.433617429499812617e-09
1.932000000000000000e+03 2.431472158910470563e-09
1.933000000000000000e+03 2.429541288480209507e-09
1.934000000000000000e+03 2.427610421460753259e-09
1.935000000000000000e+03 2.425465161562751643e-09
1.936000000000000000e+03 2.423534301463478887e-09
1.937000000000000000e+03 2.421389048703741141e-09
1.938000000000000000e+03 2.419458195503105064e-09
1.939000000000000000e+03 2.417312949859658375e-09
1.940000000000000000e+03 2.415382103536202738e-09
1.941000000000000000e+03 2.413451260586398266e-09
1.942000000000000000e+03 2.411306025519521118e-09
1.943000000000000000e+03 2.409375189414996038e-09
1.944000000000000000e+03 2.407444356668395352e-09
1.945000000000000000e+03 2.405299132129504945e-09
1.946000000000000000e+03 2.403368306196478646e-09
1.947000000000000000e+03 2.401437483605749644e-09
1.948000000000000000e+03 2.399292269546559724e-09
1.949000000000000000e+03 2.397361453737896972e-09
1.950000000000000000e+03 2.395430641255997066e-09
1.951000000000000000e+03 2.393499832095744721e-09
1.952000000000000000e+03 2.391354631897370517e-09
1.953000000000000000e+03 2.389423829477549113e-09
1.954000000000000000e+03 2.387493030363971099e-09
1.955000000000000000e+03 2.385562234551559241e-09
1.956000000000000000e+03 2.383631442035249124e-09
1.957000000000000000e+03 2.381486259016412872e-09
1.958000000000000000e+03 2.379555473189026401e-09
1.959000000000000000e+03 2.377624690642494251e-09
1.960000000000000000e+03 2.375693911371793369e-09
1.961000000000000000e+03 2.373763135371909385e-09
1.962000000000000000e+03 2.371832362637840339e-09
1.963000000000000000e+03 2.369901593164591300e-09
1.964000000000000000e+03 2.367756433934329611e-09
1.965000000000000000e+03 2.365825671078863789e-09
1.966000000000000000e+03 2.363894911469187276e-09
1.967000000000000000e+03 2.361964155100348569e-09
1.968000000000000000e+03 2.360033401967406503e-09
1.969000000000000000e+03 2.358102652065427774e-09
1.970000000000000000e+03 2.356171905389490243e-09
1.971000000000000000e+03 2.354241161934682526e-09
1.972000000000000000e+03 2.352310421696101923e-09
1.973000000000000000e+03 2.350379684668856489e-09
1.974000000000000000e+03 2.348448950848064202e-09
1.975000000000000000e+03 2.346518220228851728e-09
1.976000000000000000e+03 2.344587492806357314e-09
1.977000000000000000e+03 2.342656768575727891e-09
1.978000000000000000e+03 2.340726047532120729e-09
1.979000000000000000e+03 2.339009721029183252e-09
1.980000000000000000e+03 2.337079006235731292e-09
1.981000000000000000e+03 2.335148294614941739e-09
1.982000000000000000e+03 2.333217586162011567e-09
1.983000000000000000e+03 2.331286880872144785e-09
1.984000000000000000e+03 2.329356178740558220e-09
1.985000000000000000e+03 2.327425479762476144e-09
1.986000000000000000e+03 2.325494783933133171e-09
1.987000000000000000e+03 2.323778481734141414e-09
1.988000000000000000e+03 2.321847792079498641e-09
1.989000000000000000e+03 2.319917105559465484e-09
1.990000000000000000e+03 2.317986422169314607e-09
1.991000000000000000e+03 2.316055741904329012e-09
1.992000000000000000e+03 2.314339454704653347e-09
1.993000000000000000e+03 2.312408780567904803e-09
1.994000000000000000e+03 2.310478109542331850e-09
1.995000000000000000e+03 2.308547441623255538e-09
1.996000000000000000e+03 2.306831166319602579e-09
1.997000000000000000e+03 2.304900504491970326e-09
1.998000000000000000e+03 2.302969845756957933e-09
1.999000000000000000e+03 2.301253579301210550e-09
2.000000000000000000e+03 2.299322926630295210e-09
